time,x,y,z,phi,theta,psi,x_velocity,y_velocity,z_velocity,phi_velocity,theta_velocity,psi_velocity,rotor_speed1,rotor_speed2,rotor_speed3,rotor_speed4
0.02,0.0,0.0,10.000287344779622,2.67631316219763e-07,1.5566287048685012e-05,0.0,0.0,0.0,0.028734477962208595,-0.0007316164522699851,-0.0055796571666505024,0.0,433.08325484177016,431.6733044300516,432.7103380422952,432.52556478309384
0.04,-3.290500254373084e-08,5.657360109378543e-10,10.00101389761514,6.283176458171142,6.283091428706015,0.0,-3.290500254373084e-06,5.657360109378543e-08,0.04392080558971166,-0.00405296837135337,-0.0035067931030586643,0.0,419.116288019868,419.65641169068346,419.5917231444652,418.72597999846215
0.06,9.840491891521581e-08,-1.6883365610487056e-08,10.002030048828162,6.283104280617264,6.28302506741576,0.0,1.642149240026775e-05,-1.8014837632362763e-06,0.05769431571263671,-0.008267660186707194,-0.0007592226099301532,0.0,417.82520696679757,418.54313946276034,418.1081064526283,417.0053434970271
0.08,8.657318844729352e-07,-2.748449975924334e-07,10.00396093763535,6.282939195052993,6.283025768044368,0.0,6.03112041555042e-05,-2.3994679434958356e-05,0.13539456500621055,-0.007536032600728976,-0.006395725214387053,0.0,477.4353126010128,476.14367999605474,477.6498366639585,477.8172868986568
0.1,2.4880013980470797e-06,-1.3965486683870198e-06,10.007314624323817,6.282790771006262,6.2828981842306355,0.0,0.00010191574720191024,-8.817568764450028e-05,0.19997410384042585,-0.009679210280213818,-0.007208978625988964,0.0,465.90072225688084,465.710069635456,465.8580156227193,465.35520742671207
0.12000000000000001,5.113486321335362e-06,-3.9668937414646934e-06,10.01139711857565,6.282597194143785,6.282754190858718,0.0,0.00016063274512691797,-0.00016885881966326708,0.20827532134286614,-0.009558023422621704,-0.007819225463913454,0.0,412.7628279733707,412.60136653828374,412.1651997857684,412.19743924758893
0.14,9.285133339476281e-06,-8.652291807466684e-06,10.01582506389875,6.282407317596796,6.282601032867076,0.0,0.0002565319566871738,-0.00029968098693693195,0.23451921096714284,-0.011160472464044795,-0.010359507982211167,0.0,430.97975040352514,430.3353736135519,429.8342757610384,429.42686918553045
0.16,1.5721060463315182e-05,-1.6383965582295705e-05,10.020787480117985,6.2822244211049245,6.282420904973328,0.0,0.0003870607556967164,-0.0004734863905459704,0.2617224109562622,-0.0021812790249036706,-0.0030025703182052386,0.0,429.318985346852,431.1873775203414,430.7720241376148,433.04364712762754
0.18,2.5672931192969075e-05,-2.8632580947465996e-05,10.026951932446977,6.282184426677343,6.282377688883853,0.0,0.0006081263172686729,-0.0007513751459710587,0.35472282194283716,-0.004876145595453275,0.0028000699238235954,0.0,489.8571455721852,491.14976613654267,490.73778622174024,490.13746038632485
0.19999999999999998,4.0008800180262844e-05,-4.635350536078497e-05,10.034775439296945,6.282124275679919,6.282490909731441,0.0,0.0008254605814607041,-0.001020717295360839,0.4276278630539996,-0.01352159694105252,-0.007897541876126592,0.0,475.0821332353132,472.6153734849499,473.507054330215,471.5079785686069
0.21999999999999997,5.818717002023724e-05,-6.93183087437865e-05,10.04376974712682,6.281854249385514,6.282370166984618,0.0,0.0009923764025367354,-0.001275763042939313,0.47180291993354134,-0.01262088120908252,-0.01652402327919751,0.0,448.254254505716,446.14669543909,447.23878259010144,447.4588945810272
0.23999999999999996,7.979373435617762e-05,-9.770593624198222e-05,10.053401760699254,6.2816020887451245,6.282041932795154,0.0,0.0011682800310573024,-0.0015629997068802594,0.49139843730976746,-0.011903965881783345,-0.01864358744195788,0.0,424.6483518441837,424.1027033374644,423.2286592915214,423.4138133689348
0.25999999999999995,0.000105658201296439,-0.00013242608629551289,10.063453246095696,6.281405965418685,6.2816692501097116,0.0,0.0014181666629688363,-0.001909015298472807,0.513750102334354,-0.021064314259034156,-0.018028667289985905,0.0,427.04834460461564,427.205686195486,427.170882948981,424.82146823771126
0.27999999999999997,0.0001377636076122879,-0.00017499833001750618,10.0742345365602,6.280986103282384,6.281311232311673,0.0,0.0017923739686160542,-0.002348209073726523,0.5643789441161191,-0.019376624193347004,-0.020289440502703565,0.0,452.9809563063696,452.4353785638885,453.70977394049874,454.11604070845186
0.3,0.00017903318597874783,-0.0002283252740266377,10.086453320008744,6.280646544264993,6.2809339076469435,0.0,0.0023345838680299377,-0.0029844853271866296,0.6574994007382993,-0.029171874723752385,-0.012744356629786485,0.0,490.01776714754567,491.69734515102033,491.80961248254596,489.6286838546443
0.32,0.00023163569374703755,-0.0002946802486519216,10.100266699284907,6.280064320492659,6.2807234831147,0.0,0.002925666908799034,-0.003651012135341758,0.7238385268779977,-0.030729900488073454,-0.003314340685749758,0.0,467.0671841871023,469.2681553353222,467.31461688156924,466.94998163156015
0.34,0.000295616405714413,-0.0003746317659172519,10.115002319836682,6.279452348299195,6.2806739892472425,0.0,0.0034724042879385095,-0.004344139591191268,0.7497235282995404,-0.028438256407402007,-0.009109674370246398,0.0,431.99000247961,430.5217333511065,428.98620023202585,429.5691440240184
0.36000000000000004,0.0003704984808776936,-0.00046959192559665314,10.130198575174605,6.278888178430673,6.280515997123542,0.0,0.00401580322838955,-0.00515187637674886,0.7699020054927787,-0.025406669487562723,-0.016066881238676844,0.0,425.9310488299424,424.14265848974975,424.0823109951808,424.8624215392881
0.38000000000000006,0.00045856267965041394,-0.0005851025878559124,10.146537261068191,6.278386418237741,6.280225333462571,0.0,0.004790616648882489,-0.006399189849177059,0.8639665838658368,-0.028976878674617276,-0.023899373026309935,0.0,493.2275293526228,491.48945396201566,491.6837655044847,490.8896853913708
0.4000000000000001,0.0005616702271707334,-0.0007249138085229581,10.16431918614866,6.2778127599566425,6.279764869891562,0.0,0.005520138103149456,-0.007581932217527513,0.9142259241810147,-0.025547799382859695,-0.01797925655487525,0.0,451.9704262763436,453.39932492799215,453.73656297175177,454.5613570486596
0.4200000000000001,0.0006797020536007222,-0.0008885355405581042,10.182872106671164,6.277302071235871,6.279405292605926,0.0,0.006283044539849427,-0.00878024098598709,0.9410661280693688,-0.026278917548487775,-0.017853993137569947,0.0,431.23346677550086,431.2652596874147,431.8281583973822,431.64298228355204
0.4400000000000001,0.0008133053897460608,-0.0010765019961623162,10.201832559630164,6.276791915615222,6.279056886768618,0.0,0.00707728907468443,-0.010016404574434095,0.9549791678305928,-0.02072504856910142,-0.013688893992440464,0.0,418.10117779436047,419.18832095383164,418.42887154162366,419.87649407963306
0.46000000000000013,0.0009652922425490889,-0.0012929993688369922,10.221499159368015,6.276386845808318,6.278810717414078,0.0,0.008121396205618378,-0.01163333269303351,1.0116808059546085,-0.025068126850162624,-0.02111971162027874,0.0,460.4317471626949,458.6650499576094,459.84754577167087,458.8144359230343
0.48000000000000015,0.0011402586326679665,-0.00154515172183797,10.242636908870868,6.27588552742851,6.278388881984954,0.0,0.009375242806269404,-0.013581902607064275,1.1020941443306143,-0.02536530422519885,-0.022176880747095375,0.0,490.7236760553203,490.48827670928574,487.6160227933493,487.5493834130619
0.5000000000000001,0.0013395689514289024,-0.0018347567095970806,10.265178027443817,6.275378907016073,6.277956039232926,0.0,0.010555789069824194,-0.015378596168846776,1.1520177129643163,-0.026536348261050727,-0.0175519779559206,0.0,452.59144701755383,453.70663565006595,454.07467937665723,453.7926963929056
0.5200000000000001,0.0015629856320852164,-0.00216069173357399,10.288608623912124,6.274848406501393,6.277630180348671,0.0,0.0117858789958072,-0.017214906228844157,1.1910419338663276,-0.027209327519828325,-0.02464855105335117,0.0,445.0780275919012,443.33244609679247,442.95934787152385,442.79315315347327
0.5400000000000001,0.0018142563158498129,-0.0025283312112746267,10.3132671329033,6.27433737869792,6.277141617324613,0.0,0.01334118938065244,-0.019549041541219486,1.2748089652512191,-0.035352882876601835,-0.027617725014937443,0.0,484.41061060202713,483.740360165805,484.35274428131805,482.5119899513229
0.5600000000000002,0.0020944771445567684,-0.002938925258729171,10.33901792109037,6.273633511465054,6.276614140227565,0.0,0.01468089349004314,-0.021510363204234956,1.3002698534556667,-0.03787891718633231,-0.034671433720329256,0.0,432.17900146624703,430.3916783674792,430.884542390423,430.2428928254196
0.5800000000000002,0.002406174858047041,-0.003395413079602498,10.365812568940298,6.27287768069419,6.275969637810023,0.0,0.016488877858984115,-0.024138418883097743,1.3791949315370213,-0.03974844807097138,-0.04456347667059815,0.0,481.25014163447366,478.99846573694174,479.71176490811786,479.2851621016263
0.6000000000000002,0.0027534779485300378,-0.0039032166257818228,10.393863139059835,6.272093215152983,6.275078591925606,0.0,0.018241431189315545,-0.026641935734834716,1.4258620804167088,-0.04433177005681507,-0.045232280073112155,0.0,451.5279353492799,451.36495409541266,451.4759906401947,450.3645562564469
0.6200000000000002,0.0031412425196800306,-0.00446743714535409,10.423247422297795,6.271222161024555,6.2741760694251525,0.0,0.020535025925683743,-0.029780116222392006,1.512566243379173,-0.049914112344513276,-0.043171648612685236,0.0,486.58573330197675,487.0472644049904,487.4183102185321,486.16432160879924
0.6400000000000002,0.003572486889667938,-0.0050903186581285524,10.45381685574282,6.270224960634977,6.273351469392043,0.0,0.02258941107310701,-0.0325080350550542,1.5443771011234075,-0.05138506938773215,-0.034358823964050066,0.0,436.08432109484914,438.28594483002075,438.2882823112448,437.91979581214275
0.6600000000000003,0.004049862494187288,-0.005774200830884298,10.48534409370116,6.269342540526829,6.2726751221658255,0.0,0.025148149378827967,-0.03588018222052043,1.6083466947106906,-0.06843096505833281,-0.029704953948165077,0.0,467.63640127166946,468.7221611314845,468.4067006441796,464.4116320554821
0.6800000000000003,0.004581765607274448,-0.006529919585829397,10.518302222978772,6.267975953238398,6.272082899386536,0.0,0.028042161929888055,-0.039691693273989456,1.6874662330505437,-0.06641502223288646,-0.03164211665396248,0.0,480.6093106255902,480.1684779937487,480.9209041894652,481.3755891004453
0.7000000000000003,0.005173059344635215,-0.007365466140618886,10.552831846055762,6.266657272728256,6.27145468467949,0.0,0.031087211806188557,-0.043862962204959395,1.7654960746484154,-0.062028694722161284,-0.028599872076993507,0.0,480.693534225854,481.38432390398117,478.5697096613548,479.5672556115603
0.7200000000000003,0.005820957441255302,-0.00827957353869686,10.5884089393427,6.265487160614349,6.270902400143514,0.0,0.03370259785582016,-0.04754777760283816,1.7922132540453737,-0.07389981771340695,-0.03487886969828571,0.0,434.4164652456708,432.8339190037893,435.03836715998006,432.04341081370563
0.7400000000000003,0.006529695882077501,-0.009280504904696141,10.62511463387687,6.264011647983253,6.270204964629604,0.0,0.03717124622639974,-0.05254535899709003,1.8783561993715305,-0.07167104084203044,-0.03541156108344567,0.0,487.210140285091,487.09025187129237,487.31059340475167,487.80637618177394
0.7600000000000003,0.0072995508761429205,-0.010370450476110652,10.66275548706108,6.262578316332245,6.269507579220145,0.0,0.039814253180142235,-0.056449198144361015,1.8857291190495729,-0.07124874750297869,-0.04006898788578047,0.0,415.65931217702246,414.43245039929286,414.96623715440137,415.07307178991755
0.7800000000000004,0.008132196599140022,-0.011554211173352006,10.701165788310131,6.2611669040039,6.268706300251436,0.0,0.04345031911956802,-0.061926871579774403,1.9553010058556684,-0.06604055746930619,-0.04051796228802321,0.0,473.33554421841194,473.2311678622098,472.7503179509934,473.94906539125697
0.8000000000000004,0.009036086328416473,-0.012845791313225226,10.740718363358269,6.259916583129609,6.267942969862844,0.0,0.046938653808077206,-0.06723114240754746,1.9999564989579797,-0.07791408054327965,-0.03081962664025708,0.0,450.3863870072436,452.73247772782025,452.1578652195667,449.27603100666306
0.8200000000000004,0.01000671866222676,-0.014239045655037681,10.780845027337664,6.258363947883039,6.267345265786359,0.0,0.05012457957295152,-0.07209429177369804,2.0127098989815773,-0.08127454607495711,-0.024705960584516524,0.0,419.7875471442796,421.3756112887245,421.6098815409781,420.7327920665328
0.8400000000000004,0.011045729223571474,-0.01573815063344016,10.82144190118802,6.256745385494501,6.266851995175768,0.0,0.053776476561519786,-0.07781620606655,2.046977486054042,-0.07755203806001613,-0.023403193453001094,0.0,440.4666702260476,440.78965462335134,442.29120700463375,443.2045874095782
0.8600000000000004,0.012161312850344304,-0.017359305448666314,10.862870784259407,6.255238761200506,6.266389850992837,0.0,0.05778188611576328,-0.0842992754560656,2.0959108210845803,-0.06812691554574825,-0.01996235456406288,0.0,454.5510515792944,455.37743862925663,454.76848074458655,457.02298270048266
0.8800000000000004,0.013349132797380411,-0.01909883486371551,10.90474233542826,6.25387824988908,6.266035456771679,0.0,0.06100010858784737,-0.08965366604885418,2.091244295800654,-0.07014037003475872,-0.029433665996266855,0.0,405.39836101668493,402.8372379687892,403.59720707470433,403.04766726337465
0.9000000000000005,0.014619502588378552,-0.020977968167563005,10.94754075065674,6.252517154306826,6.265462221885059,0.0,0.06603687051196684,-0.09825966433589521,2.188597227047386,-0.061006715953082546,-0.03499036165220547,0.0,499.04202106403324,497.82364865354435,496.3193358060202,498.323034349285
0.9200000000000005,0.01597737556443386,-0.0230074144239823,10.991445000219057,6.251297179020179,6.264762920256588,0.0,0.06975042709356379,-0.10468496130603441,2.201827729184193,-0.06157068831906338,-0.03599595060765578,0.0,421.90801476780933,421.6468852083801,422.638818447825,422.4901088495847
0.9400000000000005,0.017425500050739645,-0.025193040372399264,11.036401198430411,6.250160828639263,6.264043875889611,0.0,0.07506202153701481,-0.1138776335356618,2.2937920919512473,-0.04778204186882,-0.03731855801374634,0.0,493.47257623354443,493.17917411880984,492.6998311540206,495.74623790890087
0.9600000000000005,0.018974220346582537,-0.027552498624145178,11.08279408839643,6.249220726033656,6.263305376566205,0.0,0.07981000804727434,-0.12206819163892947,2.3454969046504757,-0.04220741510661268,-0.04128638786661934,0.0,459.5886867944335,458.64368549058656,458.1709304366907,459.49727347731096
0.9800000000000005,0.020620461492075,-0.030079345584624873,11.130257652253464,6.2483772991411595,6.262494517007941,0.0,0.08481410650197159,-0.13061650440904038,2.4008594810530552,-0.043408589228857535,-0.03583327883239257,0.0,461.8792418070511,463.16676588655935,462.62869205884203,462.34398945140424
1.0000000000000004,0.022369900208751053,-0.03278108915302025,11.178880280426005,6.247545026880617,6.261789344701178,0.0,0.09012976516563394,-0.13955785243049684,2.461403336200977,-0.03493515733439832,-0.03103885084060268,0.0,467.1578624816628,468.2775181340944,466.06333327088396,468.0449023446351
1.0200000000000005,0.024230269860854615,-0.03566847118679938,11.228844759409615,6.24685491214254,6.261168925630297,0.0,0.09590720004472242,-0.14918035094741622,2.53504456215995,-0.030790664938292467,-0.030192746909744748,0.0,479.2378583884812,479.4304951127961,478.5369313313362,479.48198730294916
1.0400000000000005,0.026199070497152057,-0.03873566401673457,11.279882948397656,6.246242742862073,6.260600690115513,0.0,0.10097286358502162,-0.15753893204610286,2.568774336644193,-0.03349030132042577,-0.03863305773460665,0.0,444.3493943886134,442.2685169471899,444.022856578022,443.3576326474966
1.0600000000000005,0.028280614878835923,-0.04198799180622566,11.332043545988435,6.245574367554003,6.25989207631577,0.0,0.10718157458336512,-0.16769384690300632,2.647285422433716,-0.03518187948259296,-0.027315164383871597,0.0,482.29397918646964,484.85097288631226,484.3423597965328,483.96021169555644
1.0800000000000005,0.03047694896985555,-0.04542696654483014,11.385288214196457,6.244876733244659,6.259345987934395,0.0,0.11245183451859744,-0.17620362695744174,2.6771813983683064,-0.03171683105312851,-0.027970765333277896,0.0,440.7315897251791,440.56881781336625,439.8197819614865,440.6793307669739
1.1000000000000005,0.03278488506846264,-0.0490456877171185,11.43933868804612,6.2442493886826895,6.258803182789414,0.0,0.1183417753421119,-0.18566849027139454,2.72786598659806,-0.02797729656562678,-0.022207057900602983,0.0,459.42571490362104,460.79444840521217,459.10681720967483,459.99572968753904
1.1200000000000006,0.035208852370335234,-0.05285029793820131,11.494275443348387,6.243692484551598,6.258364594026922,0.0,0.12405495484514774,-0.1947925318368866,2.765809543628701,-0.030275904936997187,-0.018874672712436997,0.0,448.5663892567973,449.37747138687894,448.12619848306645,447.56511563965734
1.1400000000000006,0.03774755958761092,-0.056837822283137024,11.54994886974293,6.243089863217293,6.257987909045362,0.0,0.12981576688242016,-0.20395990265668457,2.8015330958255937,-0.03268287998239155,-0.01760308104177459,0.0,446.06589294230474,446.3773577372505,447.16162187389176,446.57271453996253
1.1600000000000006,0.04040188240153165,-0.061009343318021325,11.606317937357359,6.242447630664698,6.257636140864063,0.0,0.13561651450965248,-0.2131922008317454,2.8353736656171797,-0.027902702778081455,-0.018369161373453808,0.0,444.3965710259615,444.2082189285739,445.0679783473076,446.2397334279384
1.1800000000000006,0.04317175174649291,-0.0653649582596215,11.663313840721393,6.241893929142101,6.257279744456628,0.0,0.1413704199864737,-0.22236929332827285,2.864216670786244,-0.024952267907093196,-0.013681556433989286,0.0,439.9725008167101,441.13532743896604,440.011682277459,440.74362793450905
1.2000000000000006,0.046060408657772396,-0.06991000054119305,11.720998706870203,6.241395078541448,6.257017977661242,0.0,0.14749527114147443,-0.23213493482888195,2.9042699440948008,-0.025576379257584034,-0.01855276435254384,0.0,452.14675601293055,450.9680076999013,450.71277786043487,450.561340346562
1.2200000000000006,0.049067211809867776,-0.07464361147977554,11.779294963138527,6.240883619930191,6.256646980621602,0.0,0.1531850440680632,-0.2412261590293658,2.9253556827375236,-0.02594779248929992,-0.018211450976076623,0.0,433.13897270046203,433.22512439057834,433.7931338177504,433.69942060953565
1.2400000000000007,0.052205669964804816,-0.0795873357256325,11.838654810128949,6.240368713543418,6.256324317043845,0.0,0.16066077142564056,-0.25314626555632913,3.0106290163046245,-0.02310193127973116,-0.00909383705948236,0.0,489.37492743742337,491.40679520781913,492.0523019210306,492.6838676889638
1.2600000000000007,0.05548532610819632,-0.08475622478583351,11.899377087843304,6.239926984246408,6.256254557044706,0.0,0.1673048429135096,-0.263742640463773,3.061598755130856,-0.016728654479838255,-0.024068264731329704,0.0,463.4593984433759,459.9151014931186,461.27093550651887,462.7783551843879
1.2800000000000007,0.05888222633087081,-0.09011276591308573,11.960532478833322,6.2395943035258785,6.255780258938458,0.0,0.17238517935393974,-0.2719114722614476,3.0539403438710546,-0.014783214135210386,-0.027827836084467834,0.0,407.05558478218217,406.04485166330693,404.9636833398297,405.4883968249611
1.3000000000000007,0.062393444644560765,-0.09565210820266878,12.021965412331314,6.239300398618951,6.255225245335335,0.0,0.1787366520150558,-0.282022756696857,3.0893530059280563,-0.012907380573235608,-0.026071067137309244,0.0,446.94876816456,447.3779094391686,448.346720272024,448.8038176301211
1.3200000000000007,0.06602176550972057,-0.10137677963614299,12.083706071929923,6.239094501278178,6.254725674834006,0.0,0.18409543450092516,-0.2904443866505626,3.084712953932782,-0.023129931203262476,-0.01946034230288628,0.0,408.65436532742257,410.4182244810441,410.1538320433303,407.42107116474017
1.3400000000000007,0.06978201575900203,-0.107307136407579,12.146189090315534,6.238662559048006,6.254377935435937,0.0,0.1919295904272219,-0.3025912904930392,3.1635888846283526,-0.01529968294476906,-0.028567202133610012,0.0,487.0212357478395,484.97356710866336,486.6918982711614,488.4469152528684
1.3600000000000008,0.07369240228983878,-0.1134700435253397,12.209989514204569,6.238356737725768,6.253806699576842,0.0,0.19910906265645326,-0.31369942128302986,3.2164535042751385,-0.014712594096017677,-0.02810204930168801,0.0,463.9471651295336,464.05652895199,464.8189862770862,464.95710609633113
1.3800000000000008,0.07775572926964268,-0.11986797795979963,12.275116742059922,6.2380841289611695,6.253279198029247,0.0,0.20722363532393676,-0.326094022162964,3.296269281260154,-0.008133366584789015,-0.0364134196388004,0.0,490.009571163334,488.15233949165696,486.79675994635375,488.27162267421966
1.4000000000000008,0.0819619489784218,-0.12648314000404973,12.341143864523664,6.237935682500858,6.252556769840105,0.0,0.2133983355539757,-0.33542218226204445,3.306442965114125,-0.002800286539627676,-0.03983108071992997,0.0,425.68324878776417,424.804267211088,424.6508452520083,426.0212253782896
1.4200000000000008,0.08632162623384283,-0.13332722311166892,12.408302833103047,6.237901348643215,6.251769149870812,0.0,0.22256938998812803,-0.34898612849987504,3.4094538928242137,-0.009383883299696201,-0.03558805229528025,0.0,507.51696757788955,508.4291829834266,509.1397085751264,507.72471205625806
1.4400000000000008,0.09085947110018948,-0.14043173891335897,12.477280064827806,6.2377165906966425,6.251057520217728,0.0,0.2312150966465367,-0.36146545166913097,3.4882692796517154,-0.011800376387423518,-0.036100678513771314,0.0,489.0729080246193,488.9579200170165,488.3814869167561,487.840595052503
1.4600000000000009,0.09556829187545361,-0.1477808547832067,12.547712498556223,6.237481871046786,6.250337649501446,0.0,0.23966698087987678,-0.37344613531564347,3.5549740931899407,-0.01019546025786627,-0.03403048335707385,0.0,478.60062825817545,479.07261946924683,478.19205866273205,478.55883002193775
1.4800000000000009,0.10044415443551497,-0.1553648100638879,12.61936078890785,6.237298009299199,6.249661585743789,0.0,0.24791927512625822,-0.38494939275247453,3.609854941972716,-0.016527514832998542,-0.03704574768511304,0.0,468.3819537493616,467.6774854844332,469.9608531232666,468.48622297421537
1.5000000000000009,0.10546724883857715,-0.16315262131069774,12.691525507712711,6.2369924281910585,6.248946470017561,0.0,0.25439016517996055,-0.3938317319285096,3.6066169385134343,-0.009460805765933715,-0.029862541231977464,0.0,413.1380170551991,415.03309965761076,413.2909904703655,415.155519652989
1.520000000000001,0.11062390530468509,-0.17112241366065634,12.76370610330118,6.236805533046246,6.2483559529787875,0.0,0.2612754814308332,-0.40314750306734914,3.6114426203335124,-0.007306289344481161,-0.02619272219949581,0.0,422.24557816459316,423.194019090695,421.3576558964107,421.9162187415274
1.540000000000001,0.11593359012720518,-0.17929772641424216,12.83638850691152,6.236743856814611,6.247832125840333,0.0,0.26969300082117537,-0.4143837722912322,3.6567977407004504,0.005689829711208634,-0.025959032089533058,0.0,460.6867916689195,460.7421118931605,458.70064909183384,461.78669336021846
1.560000000000001,0.12142281585482104,-0.18771096484965305,12.91025841750545,6.23690700502274,6.247340770656475,0.0,0.2792295719404106,-0.42694007124985683,3.7301933186923706,0.015624779525229145,-0.01849907794310414,0.0,484.41118404640025,486.0911785636491,484.5786247335982,486.8139334677714
1.580000000000001,0.12707226590241585,-0.19633385041399048,12.984709633405503,6.23722015398527,6.246973945737913,0.0,0.28571543281907075,-0.4353484851838876,3.7149282713129055,0.014481650464845747,-0.02101170218857691,0.0,403.0990685415666,402.4172805021412,403.0370353391496,402.72686927391885
1.600000000000001,0.13287222143044836,-0.20514989421588,13.05941065978716,6.237509886359732,6.246554749662032,0.0,0.29428011998417875,-0.44625589500506396,3.755174366852826,0.014035858663806912,-0.022452512994283146,0.0,457.0967492757903,456.75216123673977,456.2073287019904,456.1004105958841
1.620000000000001,0.13886136446138392,-0.21420449167472344,13.135377527660133,6.237795406668599,6.246165293231716,0.0,0.3046341831093773,-0.45920385087927873,3.841512420444407,0.017135257183154316,-0.011535202925543352,0.0,496.2067497180534,498.6053987411893,496.403746312688,497.0854800793924
1.640000000000001,0.14504208153950315,-0.22349692749576686,13.212623395514754,6.238140636115638,6.245941094716837,0.0,0.31343752470254577,-0.4700397312250616,3.883074365017874,0.019382167673727534,-0.007928114450363422,0.0,458.05105091904153,458.9109893645095,458.46644077199704,459.0016449972209
1.660000000000001,0.15140317420339666,-0.2330098595954973,13.290801984488912,6.238528812044304,6.245820088457991,0.0,0.3226717416868045,-0.4812534787479809,3.9347845323978508,0.020414228903644933,0.0007386069782939191,0.0,466.95330446186614,468.97740887629914,467.9549176656922,468.1958211867428
1.680000000000001,0.1579455094719358,-0.2427416758013577,13.36991508794521,6.238956913987986,6.2459092974667385,0.0,0.3315617851671108,-0.4919281418380581,3.9765258132320724,0.026709840964127898,-0.011462775663076345,0.0,460.46510754372974,457.5600382606955,459.086014892396,460.5822354729909
1.700000000000001,0.16466416732144037,-0.2526845102650453,13.449829491136297,6.239497470028315,6.245681480417238,0.0,0.34030399978334325,-0.5023553045307028,4.01491450587645,0.03027613344958205,-0.009766624867412223,0.0,456.46308769192814,456.8691324386042,456.2497569551575,457.10334591483587
1.720000000000001,0.1715656122762037,-0.26284328547016733,13.530709228572293,6.240106566376227,6.245489664243035,0.0,0.3498404956929897,-0.5135222159814998,4.073059237723183,0.027602679159588566,-0.007114711163433828,0.0,473.9741449870429,474.5853483569555,475.26368746817104,474.64876064720664
1.740000000000001,0.17863899677705633,-0.27320188049972144,13.612241494799465,6.240671945660894,6.245347517542054,0.0,0.3574979543922745,-0.5223372869739106,4.080167384993891,0.03276517884007587,-0.006571531103787701,0.0,427.60756654088516,427.74648181873954,427.5282110057518,428.84610585068754
1.7600000000000011,0.18586960106762815,-0.28373991937357085,13.694016080283214,6.24133119156409,6.245255069826811,0.0,0.3655624746649073,-0.5314666004110277,4.097291163381148,0.0355731412305756,-0.015401356337925104,0.0,438.9997203583796,436.796096456669,437.0063689759135,437.7084699053396
1.7800000000000011,0.1932848455322835,-0.29448471538081805,13.77674310162059,6.242048497833444,6.244949715197894,0.0,0.3759619718006283,-0.5430130003136958,4.17541097035666,0.03899175052188934,-0.017713281008250887,0.0,492.6639373980807,492.15094716102436,491.9986971432258,492.75789890219204
1.8000000000000012,0.20087214608601786,-0.3054189880380053,13.86007242866189,6.2428297512221675,6.2445963395498865,0.0,0.3827680835728076,-0.5504142654050276,4.157521733773407,0.037307483152429,-0.01904742654483105,0.0,403.77263185069455,403.411380303896,404.0835764785058,403.62869564416536
1.8200000000000012,0.2086046443469354,-0.3165087675502705,13.94326286212729,6.243584815482368,6.24426701957764,0.0,0.3904817425189489,-0.558563685821493,4.161521612766442,0.041529946213888995,-0.029208977474676864,0.0,426.3506231312207,423.73782461323765,425.54490778029265,426.62868606195707
1.8400000000000012,0.21651295770398654,-0.32778130621524854,14.027069518247652,6.244439869697889,6.2436869961285595,0.0,0.40034959318616475,-0.5686901806763117,4.219143999269868,0.03453633609570607,-0.03209206623965978,0.0,475.9053471581462,475.2426170318045,475.6140555336867,474.00512003829414
1.8600000000000012,0.22460858572325193,-0.33924296630035977,14.111737739068225,6.245156084467533,6.24305010845978,0.0,0.4092132087403737,-0.577475827834813,4.247678082787311,0.02739658151587898,-0.028944477952538336,0.0,448.2958913986555,449.0622185692518,451.0126945278452,449.2797345250331
1.8800000000000012,0.23286917895882395,-0.3508657688152844,14.196635010950187,6.245762639115473,6.242471291324669,0.0,0.416846114816828,-0.5848044236576495,4.242049105408939,0.01656856067907335,-0.029325066813774853,0.0,416.7850248933973,416.68491011687144,418.2595898696524,415.4207973531493
1.9000000000000012,0.24128783528498862,-0.36263798497389754,14.281525497015515,6.2460991285783525,6.241885996896194,0.0,0.4250195177996381,-0.5924171922036594,4.24699950112389,0.01976801353797799,-0.030878712719068366,0.0,427.5659238377199,427.1683122120017,426.6022396649312,427.4210502366792
1.9200000000000013,0.24989006679076267,-0.37457880738055666,14.36697301998627,6.24649915733697,6.241305978477264,0.0,0.43520363277776636,-0.6016650484622524,4.297752795951473,0.016712367007916895,-0.02221201375685366,0.0,469.0071038662058,471.0220370834448,469.89407505705344,469.18279193657
1.9400000000000013,0.25868888152194597,-0.38669617544457346,14.45323240296234,6.246861488948785,6.2408946264913805,0.0,0.4446778403405663,-0.6100717579394266,4.328185501655618,0.024206934594759973,-0.014101737651352052,0.0,450.41595028016803,452.37956010296375,451.29704737156817,453.1082764237898
1.9600000000000013,0.2676882396823229,-0.39898959410839363,14.54033992669572,6.247350717727951,6.2406204889725245,0.0,0.45525797569712917,-0.6192701084425905,4.382566871682314,0.021016296015619367,-0.01807596315344435,0.0,474.4726025123144,473.55642819358127,473.5544786629021,472.81759156998083
1.9800000000000013,0.2768815807450646,-0.4114504055954985,14.628105920254406,6.247775713112707,6.24025903562497,0.0,0.4640761305770349,-0.6268110402678961,4.394032484186176,0.024072262129372596,-0.01771287772603856,0.0,434.9597747406387,435.05105461612783,433.94469110930726,434.7136808570636
2.0000000000000013,0.28624152223373867,-0.4240525377181516,14.715856983934705,6.248257748839286,6.239904823040124,0.0,0.4719180182903731,-0.6334021719974118,4.381073883843764,0.022985538622058724,-0.01801277662246243,0.0,409.9788580220892,409.89894350444933,411.60195784252704,411.3134178842254
2.0200000000000014,0.2957710882364539,-0.4367954479549715,14.803629359311758,6.248764094674414,6.239550743660466,0.0,0.4810385819811496,-0.6408888516845765,4.396163653861663,0.013327892668124123,-0.014498191927161765,0.0,437.953757081503,438.83001022733686,439.05647183137626,436.6458795386077
2.0400000000000014,0.3054836198018922,-0.44968692167788343,14.8916994908599,6.24903087887332,6.2392932430961,0.0,0.4902145745626781,-0.6482585206066196,4.410849500952453,0.012655069445826355,-0.006440490744062879,0.0,435.6165355267619,437.63357257033687,439.18676651003807,439.01918717085175
2.0600000000000014,0.31537281782305193,-0.4627195252061478,14.979895460377529,6.2492948582587715,6.239186917423542,0.0,0.49870522755329344,-0.6550018322198117,4.4087474508104805,0.007990737439115709,-0.013146330337093004,0.0,422.4725426806719,420.7342728355217,422.44787697755777,421.2393071185212
2.0800000000000014,0.32544616410092364,-0.47589740885741055,15.068370619561788,6.249456089857862,6.23893044129365,0.0,0.5086294002338825,-0.6627865329064627,4.43876846761538,0.009674097357611842,-0.016738120100310776,0.0,452.51132152477544,451.64311642909394,452.3774271417758,452.78381365147453
2.1000000000000014,0.33570395796320807,-0.4892195402544556,15.157116775177915,6.249715973421223,6.238595900083958,0.0,0.5171499859945594,-0.6694266067980427,4.435847093997383,0.021198125838047466,-0.017403240110185632,0.0,420.32681718468166,420.1539036243018,420.59456073675767,423.57843271371826
2.1200000000000014,0.3461385131919945,-0.5026782986270204,15.245932680936821,6.2501574306914485,6.238247974075083,0.0,0.52630553688409,-0.6764492304584482,4.445743481893216,0.027113318728471367,-0.0179301050454796,0.0,433.29058454653887,433.1577351948115,433.3097857869495,434.7992079872484
2.1400000000000015,0.3567649598555992,-0.516282575724992,15.335126180250429,6.25070121311769,6.237891857134022,0.0,0.5363391294763817,-0.6839784793387124,4.473606449467508,0.028854612312590764,-0.015700683663701174,0.0,451.1507619607153,451.6905897750654,449.67278808861323,450.09596635548394
2.1600000000000015,0.3675738829947263,-0.5300226664679493,15.424458570008648,6.251296221568666,6.237580417662365,0.0,0.5445531844363288,-0.6900305949570005,4.459632526354423,0.03484063014154915,-0.01796969297000011,0.0,411.12275080637517,410.5191790582969,409.2083746780594,410.804373046366
2.1800000000000015,0.37856195670947024,-0.5438927667559826,15.513825205968047,6.251997978082935,6.23722221785888,0.0,0.554254187038066,-0.6969794338463311,4.477031069585484,0.03169613926421663,-0.019515044655231933,0.0,441.8062926550961,441.42390877696556,440.76435242916904,439.9844787291803
2.2000000000000015,0.3897616452380262,-0.557911815798703,15.603906026425312,6.252632110147228,6.2368320504848285,0.0,0.5657146658175265,-0.7049254704257074,4.5310509761410955,0.0323430998656486,-0.018998287356981863,0.0,474.57619266960836,474.6952474981778,474.21850058253426,474.3678681973643
2.2200000000000015,0.4011762721411396,-0.5720782169127366,15.694739176224973,6.253287453821089,6.236454609518056,0.0,0.5757480244938117,-0.7117146409776693,4.552264003825013,0.028224440727610187,-0.016751164589031965,0.0,444.7123022778876,445.26426221182936,445.88316417899364,444.8728629488456
2.2400000000000015,0.4127989974300106,-0.5863832629537761,15.786138382944566,6.253855937982209,6.236133531975057,0.0,0.586524504393291,-0.7187899631262736,4.587656668134356,0.025397659318298613,-0.022032404742757437,0.0,458.55463856320966,457.29427128220345,459.28123750167435,458.60826176528917
2.2600000000000016,0.424625388288639,-0.6008207064033694,15.877978334155726,6.254372324277476,6.235711232925414,0.0,0.5961145814695494,-0.7249543818330468,4.59633845298168,0.029504509425626983,-0.015974509858635487,0.0,432.9119840514306,434.4386501007235,433.39729206776326,434.4318490531674
2.2800000000000016,0.4366605356170237,-0.6153901939354899,15.970330933804872,6.25498439858643,6.235396011275773,0.0,0.6074001513689194,-0.7319943713789966,4.638921511933097,0.022873654210524497,-0.01889634063113044,0.0,466.1009337359303,465.41542472701855,465.59552443938315,464.0366425736347
2.3000000000000016,0.44895319372241316,-0.6301173853458467,16.06418465652436,6.255476829389835,6.235082856122789,0.0,0.6218656591700211,-0.7407247696566902,4.746450760015997,0.0312351994258288,-0.007514630773804341,0.0,519.7726663667095,522.1604303175881,519.1643566342515,520.9215131170573
2.3200000000000016,0.4615004430674283,-0.6449972185543573,16.159448833231657,6.256104510495241,6.234933061198063,0.0,0.6328592753314951,-0.7472585511943659,4.7799669107136245,0.028795069556245133,-0.008512318851407515,0.0,458.6060984047617,458.36838791345,458.53893526438185,457.95726564843375
2.3400000000000016,0.47427568241517515,-0.6600107087673365,16.255544912253967,6.256716168355744,6.2347828770765865,0.0,0.6446646594431875,-0.7540904701035452,4.829640991517537,0.037251601868907754,-0.014846709990316847,0.0,474.0511571958615,472.58863524929643,471.9060931861363,473.86073729859686
2.3600000000000017,0.4872705104778545,-0.6751501703758298,16.352286627883448,6.257463226855208,6.234485954352202,0.0,0.6548181468247496,-0.7598556907457878,4.844530571430331,0.03926478943366514,-0.014998205345828425,0.0,442.2160541927701,442.1787148810207,441.27234131763254,441.77134770561634
2.3800000000000017,0.5004601626511482,-0.6903987433170895,16.44914476873379,6.258264015293619,6.234208038230154,0.0,0.664147070504627,-0.7650016033801887,4.841283513604067,0.03369834537358572,-0.021638684977332,0.0,425.2646315199836,423.55462909172394,425.42074559620306,423.9890884033869
2.4000000000000017,0.513868757334643,-0.7057649372733447,16.546587735426822,6.2589539853655545,6.233789516975042,0.0,0.6767123978448429,-0.7716177922453301,4.903013155698943,0.03935575899904008,-0.0269776819681663,0.0,484.51429881680696,483.30851547446673,483.65797355814453,484.9350440444505
2.4200000000000017,0.527492086165389,-0.7212432840689149,16.64450445862773,6.259741379795354,6.233250277937309,0.0,0.6856204852297562,-0.776216887311687,4.888659164391743,0.0386084306647438,-0.027770905302550126,0.0,414.6698952407241,414.46054281235934,413.7092174113037,413.512636609833
2.4400000000000017,0.5412958834978883,-0.7368128666528945,16.742161159108996,6.260516465053712,6.2326983551036665,0.0,0.6947592480201691,-0.7807413710862685,4.877010883734765,0.03619321015182902,-0.03041486914851346,0.0,416.8870306521914,416.1930192948245,417.1093834490302,416.47686797706126
2.4600000000000017,0.5552744662897545,-0.7524675302417314,16.839407193290015,6.2612448287755775,6.232097294600541,0.0,0.7030990311664527,-0.7847249877974231,4.847592534367192,0.0331933705462962,-0.026610429677435307,0.0,398.42844683424585,399.47032141090114,398.2443658475713,397.4209567171818
2.4800000000000018,0.5694573563239841,-0.7682163763616998,16.93677921785968,6.261911005905933,6.231565500263258,0.0,0.7151899722565016,-0.7901596241994087,4.88960992259926,0.031044082557661504,-0.027520656314437043,0.0,467.489153592635,467.2761902784138,466.68268895872274,466.17944597530607
2.5000000000000018,0.5838818630781307,-0.7840717821571802,17.034963713898676,6.262535906555296,6.231061765054587,0.0,0.7272607031581566,-0.7953809553486276,4.9288396813005715,0.0338792186076063,-0.037182738659126933,0.0,465.37282896495515,463.0979613760197,464.9943585205873,465.6605420391764
2.520000000000002,0.5985366053920955,-0.8000253071729984,17.13369641650017,6.263213590759442,6.23032012614088,0.0,0.7382135282383223,-0.7999715462331884,4.944430578848899,0.03343238084325215,-0.039190652738544336,0.0,443.25871180781087,442.76268769237225,443.95042556509463,443.8408722487335
2.540000000000002,0.6134037619059188,-0.8160661655488451,17.232586214569896,6.263887748449644,6.229556643792268,0.0,0.7485021231440054,-0.8041142913514959,4.944549228123361,0.03675204146935239,-0.03281402256893192,0.0,427.8833935197619,429.5083002880167,428.5386633158544,429.3849791253671
2.560000000000002,0.6284902883028142,-0.8321929604944865,17.331704199073858,6.26466580294953,6.228909574760296,0.0,0.7601505165455276,-0.8085652032126458,4.967249222272896,0.046027133975660425,-0.037106206024107385,0.0,450.7603737852679,449.7180538899928,449.120477289712,451.37256077379
2.580000000000002,0.6438512238513516,-0.8484207731032568,17.432013300165487,6.2656582906772975,6.228252383182241,0.0,0.775943038308216,-0.8142160576643802,5.063660886889792,0.034031714162017467,-0.024072976000332626,0.0,512.7319815245163,515.5021451035079,515.4139835471975,512.8650426517331
2.600000000000002,0.6594854142054786,-0.8647445755279769,17.533441681886277,6.2663415066343156,6.227773073475586,0.0,0.7874759971044821,-0.8181641848076303,5.079177285189239,0.03630401422006651,-0.02199942187644375,0.0,444.38845564778524,444.898078339208,444.4110475819963,444.97000733953905
2.620000000000002,0.6753776630774657,-0.8811539628620204,17.6356566237235,6.267103926711464,6.227428425304009,0.0,0.8017488900942372,-0.8227745485967254,5.142316898532948,0.044829246503901424,-0.008190709702502418,0.0,485.8138921901078,488.9105924117269,486.4535923372326,488.36569761190805
2.640000000000002,0.6915334918433664,-0.8976470800991836,17.73872714318943,6.268027384795012,6.2273746509287555,0.0,0.8138339864958319,-0.826537175119593,5.16473504806011,0.037498059223278174,0.00664437161148085,0.0,449.1853667616187,452.78079091859655,453.55617674402083,451.787195499399
2.660000000000002,0.7079005721489527,-0.9142052059736862,17.841699860424303,6.268784837471992,6.227508853833815,0.0,0.8228740440627943,-0.8292754123306627,5.132536675427128,0.041368845323070884,0.008266390618683884,0.0,398.2066174084605,398.65148592839665,398.1029476994617,399.16511851014195
2.680000000000002,0.7244847936498449,-0.9308263630274918,17.944685539006237,6.269614429527206,6.227678522131669,0.0,0.8355481060264235,-0.8328402930499017,5.166031182766128,0.04347367251384466,0.005320041868237577,0.0,462.6573692655211,461.96069504274243,461.1095366434708,461.60900679225114
2.700000000000002,0.7413140255940257,-0.9475150031930817,18.048196762600192,6.270504435200088,6.22782081236328,0.0,0.8473750883916618,-0.8360237235090925,5.185091176629406,0.03706551792668102,-0.0031521944653452143,0.0,450.66341590949224,448.60389504856033,449.015502378557,447.453984617176
2.720000000000002,0.75837784325939,-0.9642650846344243,18.152060541026128,6.271259810684274,6.227763883688679,0.0,0.8590066781447663,-0.8389844206251627,5.201286665964069,0.04236931386009007,-0.00664939754957675,0.0,446.6974017490451,445.8409541158131,445.9731841376913,447.271755755317
2.740000000000002,0.7756932091869172,-0.9810768737516031,18.256587968914296,6.272127996622903,6.227668477866088,0.0,0.872529914607959,-0.842194491092726,5.2514561228525,0.048819067564983824,0.002020334672356258,0.0,477.22508458568666,479.2066355553554,475.5234133393448,477.004372366568
2.760000000000002,0.793259748796846,-0.9979469012623463,18.36176842264366,6.273108105762631,6.22772753246579,0.0,0.884124046384916,-0.8448082599815989,5.266589250083728,0.046088577341941286,0.008127364434066999,0.0,445.07922547370083,446.5763615988099,446.68905063416065,446.0219026922593
2.780000000000002,0.8110901232368871,-1.0148730202059872,18.46783040562112,6.274053505280104,6.227890313592786,0.0,0.8989133976191914,-0.8478036343824921,5.339609047662414,0.05296287303455476,0.008811233301796955,0.0,497.0587360123737,497.20895760909826,496.80746594160183,498.3184626422985
2.800000000000002,0.8292033695053023,-1.0318545059718456,18.57512856232519,6.2751355532207125,6.2280665392206345,0.0,0.9124112292223302,-0.8503449422033353,5.390206622744197,0.05971424029121605,0.008767374174283502,0.0,479.578729388384,479.56860638212015,477.3709641314517,478.9158332690665
2.820000000000002,0.8475571173190762,-1.0488799803559046,18.682913929638495,6.27637558608442,6.228263656520092,0.0,0.9229635521550663,-0.8522024962025537,5.388330108586329,0.0501488800906469,0.015365830959329514,0.0,430.3203028485202,431.99292008356457,432.66551325281904,430.24496242058626
2.840000000000002,0.8661290269990485,-1.0659411957705438,18.790799394618507,6.277386741776537,6.228571351669228,0.0,0.9342274158421586,-0.8539190452613502,5.400216389414905,0.0461046025768893,0.016235922849191776,0.0,444.210580946731,444.42451597114376,444.92516136418135,443.93213107934173
2.860000000000002,0.8849527646620466,-1.0830375821973934,18.899421292440053,6.278309386555451,6.228920826504966,0.0,0.9481463504576613,-0.855719597423596,5.461973392739963,0.04505319649350653,0.009199392631164094,0.0,489.541736642707,487.96811174554557,489.34697478196705,489.11312539354026
2.880000000000002,0.9040165500153364,-1.1001642947317711,19.00859065555324,6.279210484663864,6.2291059212720015,0.0,0.9582321848713096,-0.85695165601416,5.454962918578687,0.04479174461045218,0.0077114985410963715,0.0,427.5878850559667,427.2072582898123,426.7208182991633,426.65510689122834
2.900000000000002,0.9233042053308446,-1.1173156474693127,19.118036806300882,6.280115336707601,6.229288712929154,0.0,0.9705333466795034,-0.8581836177399949,5.489652156185475,0.04054506319360353,0.0001534979682109184,0.0,467.59443505975753,465.82433009660286,465.53359628331424,464.5365493564378
2.920000000000002,0.9428365002452228,-1.1344895452971098,19.22816022960814,6.280932707816014,6.229307994365399,0.0,0.9826961447583253,-0.8592061650397131,5.522690174540346,0.04414224112701787,-0.005540617745551039,0.0,465.3609387594825,464.02165054022925,464.3349152723584,465.181641473657
2.940000000000002,0.9625806618333114,-1.1516807551087245,19.338364394024126,6.281820953345864,6.229197652785995,0.0,0.9917200140505288,-0.8599148161217435,5.497726267058272,0.047428791692804485,-0.006510953260068525,0.0,409.59289408555145,409.33396379164304,409.71772317099095,410.5948404530521
2.960000000000002,0.9825184882939946,-1.168884989872263,19.448310935164326,6.282788793095264,6.229148512198208,0.0,1.0020626320177917,-0.8605086602321194,5.496927846961799,0.041221712582051366,0.006223133076452762,0.0,431.5112244555768,434.7248705794186,434.4924898900656,432.92964603257946
2.980000000000002,1.002668341507996,-1.1860992936159378,19.558336577784473,0.00043263046956276696,6.229273231315743,0.0,1.0129226893823406,-0.8609217141353519,5.505636415052971,0.04429101290745549,0.005506954320372238,0.0,442.7163999749596,442.5394482853254,441.88927427023737,442.64870916925446
3.000000000000002,1.0230423217756854,-1.2033201398710043,19.668670802515305,0.0013192514965423285,6.229390278326466,0.0,1.0244753373865845,-0.8611629113712894,5.5277860580302605,0.045556531639332785,0.0017899866543936134,0.0,456.2495265750537,455.3581270969985,454.06079100063306,454.3663833331337
3.0200000000000022,1.0436531916836795,-1.220543763277405,19.779562506647093,0.002230506469350857,6.229426663632466,0.0,1.0366116534128222,-0.86119942926877,5.561384355148437,0.04605520993605835,0.0007077917443396057,0.0,465.5154861921655,465.2612907439695,465.7206108903623,465.8387327003119
3.0400000000000023,1.0645147128323578,-1.2377657285189942,19.891276302799874,0.0031841853843292967,6.2294428932382555,0.0,1.0495404614549966,-0.8609970948901609,5.609995260129725,0.054126729775270055,0.002744343193372807,0.0,479.2804817090879,479.74466413289224,477.85275411576316,479.6964414200137
3.0600000000000023,1.0856105428753497,-1.2549827837663503,20.00351324180018,0.004268753248417134,6.229516032169833,0.0,1.0600425428441835,-0.8607084298454446,5.613698639901045,0.056143295461084326,-0.003297522033451669,0.0,439.63986484190787,438.13513888443777,438.6086248288933,439.1128470176468
3.0800000000000023,1.106931819676348,-1.272190702193828,20.116115091627133,0.0054083257370809434,6.229450096383749,0.0,1.0720851372556295,-0.8600834129023199,5.646486342794055,0.05036288380757546,-0.0034687212410705014,0.0,465.70290402905357,465.6627884341104,466.3812841484648,465.02663216428374
3.1000000000000023,1.1284805537237395,-1.2893849135173956,20.229122116393448,0.006422062797659223,6.229434338249469,0.0,1.082788267483511,-0.8593377194544503,5.654216133837234,0.046763054804255674,0.00688659532018244,0.0,443.15007569260325,445.69690836747634,442.12011216325607,441.23088575385594
3.1200000000000023,1.1502431891526979,-1.3065621986497222,20.34228145849198,0.007364196090660968,6.229582246009381,0.0,1.0934752754123227,-0.8583907937782344,5.661718076015926,0.0430557115731074,0.011397881945625982,0.0,441.73086519013486,442.8456112857962,443.9996469274636,443.0873674826747
3.1400000000000023,1.1722214201741963,-1.323718355002207,20.455632510561827,0.008228223512601218,6.229815481432267,0.0,1.1043478267375055,-0.8572248414702541,5.673387130968794,0.04064192182343562,0.014646815300986413,0.0,446.0476440693615,446.84293546802104,447.63158868863053,447.0428244628676
3.1600000000000024,1.1944270940037849,-1.3408478005799416,20.569414625052257,0.009042794715254487,6.230110715846454,0.0,1.1162195562213624,-0.855719716303214,5.704824318073974,0.03878032778383011,0.012502936494201734,0.0,466.01221147543316,465.5089941387916,464.5853249422927,464.1479386452485
3.1800000000000024,1.2168885382448988,-1.3579420665495152,20.684184921480846,0.009836884980108707,6.230377534163692,0.0,1.1299248678900236,-0.8537068806541441,5.772205324785003,0.04486041152953753,0.018292511151044348,0.0,495.75553097051994,497.03015049048355,495.9474614948886,497.2861485919335
3.2000000000000024,1.23961038261652,-1.3749964121241072,20.800058503751846,0.01075436178516842,6.230746585199093,0.0,1.1422595692720867,-0.8517276768050344,5.815152902314784,0.05122729058746478,0.020822654380138035,0.0,474.86145692482273,475.443377518527,476.5706700933933,478.0296470362878
3.2200000000000024,1.262552380757551,-1.3920142482518423,20.91630400134642,0.01182549520998677,6.231171957979729,0.0,1.1519402448310292,-0.8500559359684752,5.809396857142415,0.0415745590497921,0.02504632411952927,0.0,431.43715466471997,432.50588293354247,433.23486051340916,430.794405834842
3.2400000000000024,1.2857162930927264,-1.408990012184866,21.032995362324503,0.01265699347291882,6.231673355674179,0.0,1.1644509886865113,-0.8475204573339019,5.859739240666235,0.041455546978298764,0.026017109430154617,0.0,482.3213718508036,482.5413574140749,483.5813402273227,483.5552084059426
3.2600000000000025,1.3091242380022603,-1.4259142298053435,21.150599612713506,0.013487084466710542,6.23219818620154,0.0,1.1763435022668605,-0.8449013047138559,5.90068579823427,0.04005550824641266,0.023020999032818693,0.0,475.610472362139,474.9215262135315,475.54642809731223,475.22532571484476
3.2800000000000025,1.3327586498737687,-1.4427867708928745,21.268826161267498,0.014289169212227115,6.232687111095036,0.0,1.1870976848839638,-0.8423528040392458,5.921969057164631,0.03865938462114614,0.015470513903946118,0.0,459.29984578942987,457.4995280924691,458.14874881109955,457.81632159540817
3.3000000000000025,1.3565909984736815,-1.459611136204298,21.387162194724556,0.015063695076994676,6.23299737897633,0.0,1.1961371751073202,-0.8400837271031112,5.911634288541282,0.03702343086593787,0.014160855005183302,0.0,429.66905555821666,429.335669612552,428.1357111999433,427.71864022610896
3.3200000000000025,1.380617763295542,-1.4763844110950444,21.50557610497077,0.015809348652542354,6.233280759460426,0.0,1.20653930707872,-0.837243761971511,5.929756736080191,0.04024366633206077,0.013589218771126479,0.0,456.130621255572,455.9935034921357,454.36764236341725,455.14223513885844
3.3400000000000025,1.4048589397797693,-1.4930970665035521,21.62449396325896,0.016614689578222652,6.233585463363786,0.0,1.2175783413439956,-0.8340217788792768,5.962029092738595,0.041210722730407975,0.021703345703454578,0.0,466.9794145793904,468.87462128263854,468.66791478864576,468.89413292952554
3.3600000000000025,1.4293219525793888,-1.5097428416752132,21.744094437855257,0.017444286414113996,6.2340368760846445,0.0,1.2287229386179566,-0.8305557382868223,5.9980183668911975,0.04449169249055344,0.027593304411338695,0.0,472.5255240990531,473.885952272826,470.362236319004,471.1248262945454
3.3800000000000026,1.4540057202853647,-1.5263177367754714,21.864394645060525,0.018341306890381937,6.234591560339627,0.0,1.2396538319796337,-0.8269337717389978,6.032002353635662,0.048282899806594,0.029967400768262095,0.0,470.4340215426342,470.9854376443761,469.98927261873536,470.87113694096803
3.4000000000000026,1.4788945409314094,-1.5428227402661605,21.985124133913224,0.019312763081790862,6.235209570792474,0.0,1.2492282326248314,-0.8235665773299031,6.040946531634353,0.05168824715371803,0.023857992043555355,0.0,448.7371749256156,447.2468507967739,448.0328082601076,448.86421447145307
3.4200000000000026,1.50397691404962,-1.5592570432349162,22.106104238779796,0.020348892071818447,6.235688408309237,0.0,1.2590090791962278,-0.8198637195456717,6.057063955022891,0.049513829091961795,0.022026230110153193,0.0,454.73393126788596,454.29347665971693,455.58910999720644,455.0687861148892
3.4400000000000026,1.529242779472854,-1.575619822971824,22.227175248477476,0.021382982416508156,6.2361297417697905,0.0,1.2675774631271828,-0.8164142541450827,6.050037014745138,0.04015287157142916,0.020754335185047355,0.0,434.0827563870045,433.76239637722705,434.02768778665205,431.66541053156527
3.4600000000000026,1.5546663370159857,-1.591917462662395,22.34783527724492,0.02218617302273529,6.236603046374446,0.0,1.274778291185979,-0.8133497149120487,6.015965861999211,0.04066896225790048,0.031544877428570366,0.0,404.6448009551443,407.5492782642176,406.7614128601257,406.901065911598
3.4800000000000026,1.5802520449174924,-1.608143472713742,22.468221494939844,0.02301053899621408,6.237273181104722,0.0,1.2837924989646958,-0.8092512902226372,6.022655907492988,0.035981376883494634,0.040403453127343295,0.0,444.8462990780349,447.0179839680178,446.43536186836684,445.28705356528695
3.5000000000000027,1.6060122117205837,-1.6242880273083422,22.588646884769087,0.023736115928133295,6.2380881275555495,0.0,1.292224181344433,-0.8052041692373821,6.019883075431262,0.03253191482417737,0.036694709868670544,0.0,437.0807687630153,436.1531862033828,437.8742152298036,437.0128982072251
3.5200000000000027,1.6319496257969934,-1.6403448121922988,22.709245338383127,0.024387797936061162,6.2388705507402875,0.0,1.3015172262965395,-0.8004743191582641,6.039962285972535,0.031087123182501456,0.0465465104518404,0.0,457.8052515003934,460.1519422139579,457.6855761760568,457.34077399796547
3.5400000000000027,1.6580660720344857,-1.6563083435130797,22.830132372515514,0.02502591819334299,6.239808395056134,0.0,1.310127397452693,-0.7958788129198296,6.0487411272664175,0.025363873470733315,0.05026514106224981,0.0,447.0475543277846,447.9571028079848,449.3249438452599,447.9308629122327
3.5600000000000027,1.6843361677258315,-1.672188162906339,22.950814996797476,0.025533688042467695,6.240845868872039,0.0,1.3168821716818735,-0.7921031264061172,6.019521300929702,0.02437152301822612,0.05828648691711573,0.0,410.8476842196936,412.9780701184826,410.85192753342244,410.58799709332106
3.5800000000000027,1.710762577351346,-1.687977693018921,23.071458062034623,0.02603923833365407,6.242013874797891,0.0,1.3257587908695652,-0.7868498848520583,6.044785222784782,0.018351584343755792,0.060420116458945884,0.0,462.1856036784156,462.6921196119295,464.0338259278137,462.6137334335975
3.6000000000000028,1.7373436998247573,-1.7036737191842366,23.19211900228436,0.026445377659973346,6.243235713686023,0.0,1.33235345647156,-0.7827527316795065,6.021308802189012,0.009507644108285975,0.05523618764924867,0.0,417.42267487230214,416.0658550357248,418.42223852968567,416.1054493955962
3.6200000000000028,1.7640894888137528,-1.719263905416484,23.313186568634624,0.026674286602448305,6.24434804979091,0.0,1.3422254424279954,-0.776265891545236,6.085447832837463,0.018311740917051938,0.05133430300168639,0.0,496.89364786639356,496.0363343740071,495.7733075765769,497.7103469435775
3.640000000000003,1.791002298026096,-1.7347425228136584,23.434832542473256,0.027053840360647285,6.24539150893721,0.0,1.3490554788063385,-0.7715958481722056,6.079149551025525,0.013150551159303915,0.04554239722432644,0.0,434.8185844348321,433.3619282695892,435.0528765214,433.7541652149728
3.660000000000003,1.818063526855764,-1.750117025509511,23.556721027576707,0.027316859043668984,6.246337992400694,0.0,1.3570674041604616,-0.7658544214130771,6.109698959319741,0.013274323820228731,0.05398461482348957,0.0,467.77861195431876,469.74816721828887,467.55348702988357,467.58229295225567
3.680000000000003,1.845266162311482,-1.7653883405535937,23.678771601643955,0.02759033855110893,6.247420435225131,0.0,1.3631961414113603,-0.7612770829951765,6.095358447405123,0.01727258119953634,0.056330047818107194,0.0,426.4231760440575,427.02602159356235,426.19353080656776,427.2176207291283
3.700000000000003,1.872603690837999,-1.7805564610896594,23.80093838658226,0.027938607146132277,6.248547297402268,0.0,1.370556711240341,-0.7555349706113942,6.121320046425554,0.019646173849026678,0.0570528490019727,0.0,464.39991224323467,464.5720089634698,463.6513183185323,464.2104436805307
3.720000000000003,1.9000780194019085,-1.7956152017184628,23.923400368287247,0.028353023561367152,6.249758827782081,0.0,1.376876145150603,-0.7503390922689404,6.124878124073291,0.013089812319244113,0.0689249507344483,0.0,442.4803731134854,445.40565615257987,444.72319345336496,443.1088071882679
3.740000000000003,1.9276691716370877,-1.8105751085892798,24.045724290573297,0.02862859046923294,6.251144042924972,0.0,1.3822390783673246,-0.7456515948127752,6.107514104531634,0.01833779507086846,0.07258995501873512,0.0,423.28889865109124,424.2381005741671,423.3058408202989,424.6587019116424
3.760000000000003,1.955382329099712,-1.8254252218175697,24.16824294943399,0.029005434163289046,6.252606307354231,0.0,1.389076667895129,-0.739359728016213,6.144351781537634,0.013846070983534225,0.06801495143726276,0.0,474.1798658948826,473.12785223211677,474.7187413765917,473.6833377757366
3.780000000000003,1.9832198961801675,-1.8401569125491368,24.2912116698486,0.029282375273121275,6.253976995048324,0.0,1.3946800401504007,-0.7338093451404948,6.15252025992334,0.0136476262247151,0.0634567357011671,0.0,448.6001183568829,447.49155034179876,448.81898891583546,448.77054157712905
3.800000000000003,2.011171933330259,-1.8547716310927442,24.41452703570339,0.029555335547017947,6.25526788756191,0.0,1.4005236748587397,-0.7276625092202453,6.1790163255556845,0.013772120418115501,0.056860100261371234,0.0,466.57876716486925,465.0335845653745,464.5587315994864,464.5878974371974
3.820000000000003,2.0392319470688833,-1.8692689912379563,24.5381620331468,0.029850735326826694,6.256408068693883,0.0,1.4054776990037114,-0.7220735053009619,6.184483418785197,0.020089931976879347,0.054419146863814376,0.0,446.8775937568724,446.28234644148006,445.1469093867394,446.69541327750557
3.840000000000003,2.067392938667117,-1.8836491197485434,24.66206798995149,0.030334049324428847,6.257499754003403,0.0,1.4106214608196301,-0.7159393457577649,6.206112261683457,0.03285828019144409,0.056989116608347885,0.0,461.1561756337532,461.76675496214057,459.26665834364746,462.2954148729085
3.860000000000003,2.0956549690246438,-1.8979046993378912,24.786432613581745,0.031025520894402803,6.258654499801402,0.0,1.4155815749330865,-0.7096186131770168,6.2303501013422995,0.04114151218684341,0.062459667920923494,0.0,463.64534596959226,464.93528688032234,462.10826801147476,464.0637316241646
3.880000000000003,2.1240133561154417,-1.9120325403534226,24.911275156223,0.031858509128134926,6.25996701349913,0.0,1.4202571341467107,-0.7031654883761086,6.2539041627832725,0.045648837334968856,0.07371314198984133,0.0,461.35067054466913,464.011809798977,463.42411389956794,464.4868019198704
3.900000000000003,2.152453594343017,-1.9260413243266796,25.03621719947647,0.03277440589671521,6.2614466163325115,0.0,1.4237666886108338,-0.6977129089495834,6.240300162564033,0.04806545558397945,0.07698116695431935,0.0,428.3364210050366,429.17401449727805,428.71404325056903,429.3310454522286
3.920000000000003,2.1809519162654736,-1.9399533274069876,25.16046179157002,0.03374476708037122,6.263021474003478,0.0,1.426065503634794,-0.6934873990811926,6.184159046791208,0.05232035205195361,0.06858660539570526,0.0,386.85218418346136,384.47854765607724,384.0897519813698,385.3005840723665
3.940000000000003,2.2095088617653755,-1.9537543496670782,25.284327377860382,0.03479170276026533,6.26445722040814,0.0,1.4296290463553885,-0.6866148269278745,6.202399582244987,0.05334859215510227,0.07990157749002674,0.0,456.9956903098175,459.69738689528265,457.3863072007844,457.63365157448493
3.960000000000003,2.238132448492997,-1.9674182875216661,25.408482704572375,0.03587750067468498,6.26606197627126,0.0,1.432729626406751,-0.6797789585309258,6.213133088954294,0.047212457978285105,0.0835688144113483,0.0,450.3970335866956,451.2911539137408,452.3588387389887,450.8755496903558
3.980000000000003,2.2668146852116973,-1.980943022433293,25.53285933566164,0.03683371369385391,6.267734353452919,0.0,1.4354940454632696,-0.6726945326317345,6.224530019972359,0.04232086118320557,0.08215396923851599,0.0,452.2460494428727,451.909536749757,452.38069070912405,451.1985417079685
4.000000000000003,2.2955503307504275,-1.994319905188724,25.657577065761057,0.03771204083512547,6.269378240560567,0.0,1.4380705084097922,-0.6649937429113756,6.247242989969088,0.03433212941812208,0.0834249711094513,0.0,462.91946738963645,463.2246488873535,462.5439762246671,460.6532103704424
4.020000000000002,2.3243344799174,-2.007538852287055,25.782801618016904,0.03840620695472374,6.2710585644993735,0.0,1.4403444082874832,-0.6569009669217247,6.275212235615556,0.03821118374516939,0.07856194394158109,0.0,468.0328226985508,466.90105816080717,466.6088251463031,467.51702876932745
4.040000000000002,2.3531598858873686,-2.0205953145059783,25.9085608121008,0.03919514843956229,6.272637237870413,0.0,1.442196188709362,-0.6487452549705862,6.30070717277387,0.031180136890648753,0.07470591173047478,0.0,466.35324428394625,465.4532191987561,465.59244642515165,463.9395347958253
4.060000000000001,2.382012003568541,-2.0335117094537187,26.03419707685121,0.03982323907865659,6.274132867926809,0.0,1.4430155794079167,-0.642894239803462,6.262919302267084,0.028184172511273173,0.07296704900585158,0.0,405.5686883195487,405.1047183017679,405.2116418535699,404.40308734866244
4.080000000000001,2.410885720298029,-2.0462761379845027,26.15992895284883,0.040390021990394764,6.275618138977979,0.0,1.4443560935409003,-0.6335486132749362,6.3102682974949165,0.030673936159827445,0.06576565038436792,0.0,484.34875741425213,482.7245748212113,484.81576455450113,485.3768899706829
4.1000000000000005,2.4397773158629885,-2.058879897181971,26.28592343365542,0.04100483104647257,6.276935404934159,0.0,1.4448034629550437,-0.6268273064718829,6.289179783164326,0.03230509089242683,0.0677419846137396,0.0,421.67292344351824,422.18837496234664,421.76324434019466,422.18614203406634
4.12,2.4686787227048614,-2.0713265831117713,26.412021132361886,0.04168595537174902,6.2783175735973415,0.0,1.445337221232262,-0.6178412865081576,6.320590087482239,0.04067438087763377,0.06034888365292112,0.0,471.06614868081414,469.35075463781766,470.1435516108173,472.08561282166073
4.14,2.4975875684206916,-2.083591740058033,26.538752518296302,0.042502963072286626,6.27952519720311,0.0,1.4455473503507588,-0.6086744081180185,6.35254850595966,0.0380210497695268,0.05921228107474937,0.0,471.1777200639049,470.9163346672213,472.19868746426846,471.58486292360186
4.159999999999999,2.5264950720552575,-2.095702888363857,26.665389041551034,0.043278142040906076,6.280709454671481,0.0,1.4452030131058313,-0.60244042246437,6.311103819513715,0.043453907807153414,0.059058353331925176,0.0,403.2293462627914,403.1904654732885,399.7199342625491,401.2037553424891
4.179999999999999,2.5553938487854735,-2.107686610074334,26.791231782103054,0.04415365549407824,6.281890831161954,0.0,1.4446746599157807,-0.5959317485833254,6.273170235688477,0.04704146882511993,0.05970553774846956,0.0,404.36483420034153,404.542562393941,404.88969598061544,405.85833328160015
4.199999999999998,2.5842807280568247,-2.119517252371298,26.91680239496947,0.04509459900950041,6.283091285409643,0.0,1.44401326721935,-0.5871324811130907,6.2838910509530495,0.046563684523172603,0.05614365826688386,0.0,452.7545408780372,451.8962591040267,451.21202166270587,451.0975537646522
4.219999999999998,2.613151858064288,-2.1311443336244467,27.043154863789205,0.046035739105182216,0.0010515047720609516,0.0,1.4430997335269815,-0.5755756442017504,6.351355831020486,0.042121521712534346,0.06287468741059077,0.0,500.09091202667764,501.5616327688333,502.48877240863044,501.52261397426486
4.2399999999999975,2.642002191378629,-2.142563140745144,27.170305943525534,0.04690574621562149,0.00230900135150236,0.0,1.44193359790713,-0.5663050678680164,6.363752142612219,0.03469499140712288,0.06279943809325057,0.0,454.3689387763677,454.3536024163912,454.8015751409197,453.0141334094165
4.259999999999997,2.67082632606774,-2.1537914242873377,27.297774583181972,0.0476229830221655,0.003603208636005384,0.0,1.440479871003952,-0.5565232863513475,6.38311182303169,0.02786315733399665,0.07154226631272675,0.0,459.74588517933466,461.8224874418902,461.2234738282781,459.60203405861773
4.279999999999997,2.6996197635616928,-2.1648391331870873,27.425281187718053,0.04818026461158009,0.005102553887337713,0.0,1.4388638783913377,-0.5482476036236438,6.367548630576266,0.02805521323412541,0.0832469598224303,0.0,427.4340924450169,430.421026929071,427.20061496830897,427.24998546513393
4.299999999999996,2.728377512276425,-2.175715047492995,27.552584989402636,0.048741819571656464,0.006826319549443127,0.0,1.4369109930818629,-0.5393438269671412,6.362831537882063,0.027105797209551537,0.07240016622643482,0.0,440.05435429992036,437.3575691466077,438.011404570311,437.7746318870768
4.319999999999996,2.75709128414715,-2.1864010901206585,27.6800133007982,0.04928854456794607,0.008281843420978596,0.0,1.4344661939906969,-0.5292604357991779,6.379999601674258,0.030141930308892527,0.07627845115843858,0.0,458.16904350735956,459.0972076445691,458.1065161298723,458.83050768422396
4.339999999999995,2.7857526848380014,-2.1968826262974788,27.80781792386013,0.04989274290736301,0.009808428119837842,0.0,1.4316738750944273,-0.5188931818828548,6.400462704518918,0.03179101080374962,0.07770370600639236,0.0,462.1010431508868,462.44238801287383,460.95351899826386,461.344644790699
4.359999999999995,2.814351094424694,-2.2071364611853737,27.93641235657636,0.05057558276239238,0.011362556713465644,0.0,1.4281670835748796,-0.5064903069066529,6.458980567103755,0.04148839591048247,0.07803377721029561,0.0,495.4083384408652,495.4852732045596,493.57862847029963,495.72166816049435
4.379999999999995,2.8428844905911395,-2.2171813079992377,28.06537010777762,0.05140628509227341,0.012923270262467312,0.0,1.4251725330696845,-0.4979943744797516,6.436794553022684,0.040121346773732386,0.07775807883815737,0.0,422.2333851871985,422.1672051608408,422.8187923697488,422.4662441775291
4.399999999999994,2.871351452249764,-2.2270399176560547,28.194172511200627,0.05221665286272881,0.014523847189973793,0.0,1.4215236327927903,-0.4878665912019685,6.443445789277758,0.036136165477869873,0.0682275646082772,0.0,451.2115578384951,448.90161159459495,449.7972838394862,448.82860812075364
4.419999999999994,2.8997407649425604,-2.236689519676528,28.323199201416806,0.052947855616458206,0.015926491702878742,0.0,1.4174076364868171,-0.47709361084539087,6.459223232339897,0.04025428256512688,0.07695604909752318,0.0,457.2877992997346,459.37274832232623,457.42119811993894,458.40473889607995
4.439999999999993,2.9280360265705037,-2.2460932209809554,28.453085772446812,0.053752960869418054,0.01746852690273304,0.0,1.412118526307506,-0.46327651959737476,6.5294338706607915,0.040452280832431034,0.07454183373674537,0.0,505.4102356889776,504.89177858573726,505.53716702815666,505.5805923177455
4.459999999999993,2.9562313656533425,-2.255249320653913,28.583801760279187,0.05462622152652141,0.01896190362318073,0.0,1.407415381976381,-0.4523334476983853,6.5421649125765855,0.05178498046264991,0.07679573955218742,0.0,455.9782914407004,456.5224521475588,455.00842153694856,457.7235335920452
4.479999999999992,2.984332580491695,-2.2641937295875265,28.714607158594497,0.05569336436190042,0.02049814845720288,0.0,1.4027061018588534,-0.44210744566297977,6.538374918954598,0.04385488259109824,0.07598328281034672,0.0,442.11939786357726,441.92318855259276,441.17157116577425,439.2041378229781
4.499999999999992,3.01233492463709,-2.27292705373638,28.845417115233182,0.05657168840354032,0.022025069947326337,0.0,1.3975283126806508,-0.43122496922236037,6.542620744913962,0.042288747336347944,0.07217386450385214,0.0,449.3725607793984,448.44948828978056,448.4308554991799,448.05000800304134
4.519999999999992,3.040219179881463,-2.2814116723007056,28.97682855902144,0.05741789347123216,0.023553598134281373,0.0,1.3908972117566325,-0.4172368872101772,6.59852363391162,0.04321623961695549,0.05913155666526539,0.0,495.118246717242,492.2340863055413,494.7727066980096,494.97832877072887
4.539999999999991,3.0679800746807815,-2.2896464815182815,29.108799090524137,0.05835436448326803,0.024737523055938127,0.0,1.385192268175224,-0.40624403454740793,6.598529516358078,0.03120406082231762,0.06074015130148231,0.0,444.8061928043331,445.2037543768613,447.0966085783801,444.1511873731891
4.559999999999991,3.095632380362857,-2.2976781034383236,29.24045225430229,0.058978451469857696,0.025961122778363155,0.0,1.3800383000323282,-0.396918157456801,6.5667868614574,0.031311486544679676,0.06493459915429206,0.0,414.58907118881154,415.696403878467,413.9009337964605,413.9297182449934
4.57999999999999,3.1231790535333785,-2.305520978394108,29.37149002964424,0.059605541610586954,0.027382970195754197,0.0,1.3746290170198396,-0.38736933812165625,6.536990672737583,0.029999686380500466,0.08062889329610065,0.0,413.24015458415073,417.3743452704453,416.99702679997256,416.6534286248016
4.59999999999999,3.1506074254943837,-2.3131550329718222,29.502212498505962,0.060221652903997835,0.02899856332409456,0.0,1.3682081790806853,-0.3760361196498097,6.535256213434513,0.02432208727507262,0.08308460599045937,0.0,443.29805084422946,443.90840269184497,442.95757802470615,441.5546126561395
4.6199999999999894,3.177892734456009,-2.320537436082887,29.63329389757243,0.060711436955712905,0.03066079016597456,0.0,1.3603227170818424,-0.36220419145669785,6.572883693212239,0.021736625531696512,0.08205046666646092,0.0,477.92421830754705,477.69274280798396,479.52609801049107,478.9364393843394
4.639999999999989,3.205028438801842,-2.327665853109777,29.764735332689302,0.06117088045801644,0.03234887893624183,0.0,1.3532477175014876,-0.3506375112323167,6.571259818475036,0.028766702582384427,0.07234691711607145,0.0,444.5503967194261,442.1635329251862,442.6681556536659,444.400685989799
4.659999999999989,3.2320222461140724,-2.334567559434445,29.896053199368954,0.06174882583717611,0.03383755975540392,0.0,1.3461330137215328,-0.33953312123443957,6.560526849489928,0.026481389688391824,0.08148392722233291,0.0,433.5460454308929,435.8477769969624,435.12817472449,434.5539615705415
4.679999999999988,3.2588633112366927,-2.3412321108845258,30.027381831624375,0.062280054078125424,0.03547469811195825,0.0,1.3379734985405118,-0.32692202377365276,6.572336376052114,0.028270494035170738,0.08534652016177006,0.0,455.47072892775077,456.4019236388308,455.3476903497803,455.77708741467006
4.699999999999988,3.2855514075401406,-2.347667268414253,30.15856190613948,0.06286023903318139,0.03720539907048881,0.0,1.3308361318043123,-0.3165937291990776,6.545671075458526,0.02283448918731678,0.09224152636847036,0.0,418.5898856942322,420.39301338119225,419.6375163321459,418.219390779901
4.719999999999987,3.3120842539165567,-2.353878765636912,30.289463713955048,0.06334670604594184,0.03906228830409564,0.0,1.3224485058372972,-0.3045559930668425,6.5445097060985375,0.01511733569469565,0.09715247459413197,0.0,442.6595572209703,443.8777456252862,444.7525268689317,442.851869840058
4.739999999999987,3.3384535549364065,-2.359861285602713,30.420140688862624,0.06364943864845607,0.04101334856087213,0.0,1.314481596147674,-0.2936960035132335,6.523187784659152,0.014238827162875427,0.1011551649127689,0.0,423.5943079044967,424.63450016156094,424.2636079695133,424.03711466622934
4.7599999999999865,3.3646495256206324,-2.365609714897728,30.55064686879592,0.06405283810997453,0.04304628163533142,0.0,1.3051154722749156,-0.28114692598830376,6.52743020867056,-0.0011639594850499004,0.10558907429470626,0.0,447.7207813603796,448.8107015310904,450.2391163699427,446.48397752835217
4.779999999999986,3.3906819424221384,-2.3711477773806937,30.68059107248923,0.06405598870939144,0.045167260930744746,0.0,1.2981262078756879,-0.27265932230824275,6.466990160660141,-0.0084344187714651,0.10130006286556989,0.0,383.59805646386616,382.38559848963104,384.99191805613515,382.92203209712454
4.799999999999986,3.416528229944434,-2.3764545473068277,30.810284623562048,0.06389870338592551,0.04719503825276128,0.0,1.2865025443538942,-0.2580176703051649,6.502364946621895,-0.003658845096363477,0.09941535349519151,0.0,477.07617747295905,476.65229405858423,474.15228622220195,475.2520104626746
4.819999999999985,3.4421556821645822,-2.3814936403375886,30.940296953017658,0.06384430495832483,0.04919041236412358,0.0,1.2762426776608966,-0.24589163277095366,6.498867998939178,0.0024695273346478407,0.10317488576890387,0.0,441.21177343487676,442.1507449780791,439.141492580338,440.6643288066246
4.839999999999985,3.467567128122994,-2.3862812841261176,31.070379455052485,0.06389373042846724,0.051254898663854576,0.0,1.2649019181802708,-0.23287274608195332,6.509382204543578,0.0022052416944837233,0.10176876745752689,0.0,454.80449804550767,454.4754299920751,453.0351704623988,452.9713498791492
4.859999999999984,3.4927407539554043,-2.3908000613012446,31.200802209106747,0.06397168922702967,0.053308862448743,0.0,1.2524606650607673,-0.21900497143074593,6.532893200882541,0.010433724503918163,0.10786605140008362,0.0,465.06808559029236,466.5073483136314,464.72529126899184,466.6565747765968
4.879999999999984,3.5176704872797764,-2.3950526216243895,31.33151754732413,0.06418036443082453,0.05547742261909683,0.0,1.2405126673764229,-0.20625106088374306,6.53864062085584,0.010471505892115512,0.10312492445549287,0.0,451.361730224178,450.2221800545823,448.8316663263881,448.8407408912476
4.8999999999999835,3.5423555339438324,-2.3990481299678827,31.462370987007702,0.0644401755364381,0.05755135944906087,0.0,1.2279919990292079,-0.19329977346559588,6.546703347501483,0.00043347941562552235,0.09834196703273729,0.0,452.0953174507008,450.94650860692707,453.74501350929205,451.32029388384615
4.919999999999983,3.56679808318357,-2.40279765240744,31.59317441897184,0.06449938561416069,0.05952751688344904,0.0,1.2162629249445638,-0.18165247049010683,6.533639848912415,-0.009620424245120777,0.1026589321086191,0.0,431.9216389265039,433.0213439236724,433.15199314498676,430.60737430731393
4.939999999999983,3.5909769381431658,-2.406286510235665,31.724143021126608,0.06432690162434618,0.06159695084647954,0.0,1.2016225710149733,-0.16723331233236122,6.5632203665642095,-0.015933029901749447,0.10836074249804503,0.0,470.8020157471584,472.13238857568655,472.14582094266865,470.68229483159155
4.959999999999982,3.614871854686317,-2.4095014528248826,31.85548356608613,0.0640112447910477,0.06378720190472276,0.0,1.187869083300177,-0.1542609465893981,6.570834129387891,-0.013482003693513909,0.11514840900168764,0.0,450.6329025780289,452.286434723534,452.0742670633696,452.6666028439252
4.979999999999982,3.638455436920897,-2.4124257104649858,31.98747261048807,0.06380077800218764,0.06609022506299844,0.0,1.1704891401577973,-0.1381648174209424,6.628070310806177,-0.024360724667056764,0.11548000587112474,0.0,494.8360594322885,494.91965497946404,497.8086969331678,495.41449380085544
4.999999999999981,3.6617324634473944,-2.415073723903956,32.11989867422587,0.06332153030542997,0.06844731085695255,0.0,1.1572135124919471,-0.1266365264760494,6.614536062973936,-0.028352415181979333,0.1057346811939403,0.0,432.785556028616,430.32954359202125,434.4066136782791,433.40094480239395
5.019999999999981,3.684723551457591,-2.4174771342758863,32.25228807886343,0.06275461717546182,0.07056200569972138,0.0,1.1418952885277465,-0.11370451071698341,6.624404400781751,-0.02783246581681236,0.10568530731969199,0.0,454.06134940264764,454.058983211618,455.10111223861145,455.22577947492914
