time,x,y,z,phi,theta,psi,x_velocity,y_velocity,z_velocity,phi_velocity,theta_velocity,psi_velocity,rotor_speed1,rotor_speed2,rotor_speed3,rotor_speed4
0.02,0.0,0.0,10.000283513453434,6.2831606937741284,7.772372473358047e-05,0.0,0.0,0.0,0.028351345343317413,-0.002461340545746414,0.0077723724733960685,0.0,432.3116069519116,434.2715054131599,431.27594710880027,430.65193795142005
0.04,-2.0361451920994155e-07,-6.448026937295344e-08,10.001508261937133,6.283161535312599,0.00026457964813797474,0.0,-2.0361451920994154e-05,-6.448026937295344e-06,0.0941235030266122,0.0025454943928467284,0.010913219867086783,0.0,465.48046453989076,466.2169992077036,467.0666357229935,468.236460560235
0.06,-1.2918711674599467e-06,-2.5462955604033987e-07,10.004002730407771,6.283160582369131,0.0005477524109895882,0.0,-8.846421290400637e-05,-1.2566901729443303e-05,0.15532334403723427,-0.0026407887397358015,0.01740405641804487,0.0,461.8458797671703,463.37876494920005,463.3372578378478,462.1126000739458
0.08,-4.3707324923610775e-06,-5.650801404767479e-07,10.007538016405189,2.1056201251923312e-05,0.0008833230919425006,0.0,-0.00021942191958610672,-1.8478156714197495e-05,0.1982052557044398,0.007218889910351824,0.016153011677285684,0.0,446.55535319034755,446.2490733846014,444.2238246052986,446.6423718885679
0.1,-1.1116425827448867e-05,-8.784522617535236e-07,10.01220874225658,0.0001996385361771047,0.0012551613367239867,0.0,-0.00045514741392267216,-1.2859055413480072e-05,0.26886732943482905,0.010639343582196242,0.0210308128008898,0.0,470.93933880422287,472.06955763948434,470.34882484412907,471.1426049299684
0.12000000000000001,-2.3434132383589737e-05,-6.243132399550451e-07,10.018185318520691,0.0004498476539307461,0.0017265831533626042,0.0,-0.0007766232416914149,3.827295759332792e-05,0.3287902969762298,0.014381568193163802,0.026111368862941728,0.0,461.08608079831464,462.28840671179177,461.031823273537,461.9177265557336
0.14,-4.221768760036628e-05,9.88190952357929e-07,10.024682084235687,0.0007671734540792841,0.00224309547847934,0.0,-0.0011017322799862393,0.00012297746163796947,0.3208862745233347,0.017351011821654185,0.025539863648737313,0.0,395.23537862604866,395.07758607473755,396.0949073174991,396.9130987120331
0.16,-6.943971196143512e-05,5.221900758270365e-06,10.031450403161202,0.0011555275323882341,0.002698711614856464,0.0,-0.0016204701561206443,0.00030039351895327416,0.35594561802804475,0.021484396009229533,0.020021749989009564,0.0,439.2458556153074,437.8712061214422,438.21056586466386,439.2398915050117
0.18,-0.0001079687028922071,1.3850032970521544e-05,10.03887490383006,0.0016222201005255954,0.003123178327631315,0.0,-0.002232428936956554,0.0005624197022718437,0.3865044488577135,0.025184860804513085,0.02242492128843768,0.0,434.30526048178575,434.90941119515236,433.6838743359491,434.61518630017
0.19999999999999998,-0.0001594786764743989,2.8662310551554132e-05,10.046839908273238,0.002090671512513076,0.0035700313540418804,0.0,-0.002918568421262627,0.0009188080558314154,0.40999599546012144,0.021660280394232432,0.022260381352655224,0.0,428.02002812584055,427.97807211681913,427.6166718599782,426.71527264358735
0.21999999999999997,-0.00022607792000942334,5.185682668893043e-05,10.055382517364277,0.002470950793240334,0.00397367264501014,0.0,-0.003741355932239816,0.0014006435579062147,0.4442649136438027,0.01636764767851432,0.018103747744174344,0.0,437.69426555584636,436.6554342142794,439.39537195287045,438.077312108914
0.23999999999999996,-0.00031176018779514566,8.661970677156103e-05,10.065037555831463,0.0028890408232271625,0.004334436318672807,0.0,-0.0048268708463324135,0.0020756444503568453,0.5212389330747667,0.02544135532014786,0.0179726196220602,0.0,477.272370250993,477.2422618911322,475.31690621170316,477.3980459789818
0.25999999999999995,-0.00041808081459752044,0.00013465334777556734,10.075757393397948,0.0034270220386787287,0.004649020104541712,0.0,-0.005805191833905065,0.002727719650043787,0.5507448235737528,0.02835676622502743,0.013485758964863225,0.0,434.3743839186596,433.2442212094415,432.84697905180246,433.58242558198486
0.27999999999999997,-0.0005435242155995883,0.00019609229311839336,10.086819185199674,0.003987814591820182,0.004997509991242488,0.0,-0.006739148266301714,0.003416174884238816,0.5554343565989589,0.027722489089116797,0.021363229705237963,0.0,408.31222339206516,410.4147167065283,408.8190025393963,408.6497420916627
0.3,-0.0006920747623920682,0.00027540159077167555,10.098720701569382,0.004479846393962816,0.0054534455804544635,0.0,-0.008115906412946284,0.004514754881089404,0.6347172803716699,0.02148069112512914,0.024230329215991917,0.0,478.68315331471877,479.3371115191084,479.5360038290923,478.11181462950674
0.32,-0.000868925416318455,0.0003776344831174426,10.112117809848117,0.004911685014890033,0.005959407611933365,0.0,-0.0095691589796924,0.005708534353487299,0.7049935475017168,0.021703170967597052,0.026365873931889303,0.0,470.61128944212504,471.10688974119574,471.3492857071142,471.4008315857905
0.34,-0.0010759358130815527,0.0005046846346303642,10.126877873293779,0.005260921048246381,0.006533744408534936,0.0,-0.01113188069661737,0.006996480797804871,0.771012797064541,0.013220432368026792,0.031067805728268075,0.0,467.9261263466073,469.02288762794853,467.37498374686146,465.38761933694485
0.36000000000000004,-0.001315120765512426,0.0006579376163846852,10.142868629094092,0.005648607102284764,0.007258945077587953,0.0,-0.012786614546469949,0.008328817377627227,0.8280627829667918,0.025548173035814498,0.04145226117703843,0.0,457.4284080481388,459.90253390805526,458.80739955207065,461.73379705435065
0.38000000000000006,-0.001590341484210864,0.0008396784744548465,10.160152512840291,0.006184145593292278,0.008070089853201345,0.0,-0.014735457323373875,0.009845268429388897,0.900325591653013,0.028005676064975556,0.0396622163842907,0.0,473.26183105936,472.8491719833432,472.90095357356927,473.4685026849751
0.4000000000000001,-0.0019098680842237691,0.001055600758600651,10.179272106791958,0.006743225203246439,0.008903936320708183,0.0,-0.017217202677916647,0.011746959985191536,1.011633803513618,0.027902284930409325,0.0437224303663578,0.0,505.5001317803061,506.37758712744295,506.833916337947,506.81172631974863
0.4200000000000001,-0.0022753615920973356,0.0013065562076933505,10.199917924636683,0.007279434190709644,0.009785599492047048,0.0,-0.01933214810944,0.013348584924078425,1.0529479809589577,0.025718613815893538,0.04444388676754915,0.0,445.08558171543257,445.2637321685751,445.90554438463204,445.37032454599057
0.4400000000000001,-0.0026829072977445755,0.001589076248387946,10.221150793812479,0.007777888434490343,0.010752599662695594,0.0,-0.021422422455284015,0.014903419145381137,1.0703389366206741,0.024126810562211512,0.052256130297333746,0.0,421.6396789202369,423.66061593595396,422.6871050199392,422.27557394817893
0.46000000000000013,-0.003141236213540185,0.0019087570884443027,10.24337424652489,0.008275865364933743,0.01177930783531611,0.0,-0.02441046912427695,0.01706466486025452,1.1520063346204208,0.025670882482172207,0.05041468696469697,0.0,481.69898703094714,481.28264258091696,481.777393401104,482.12748578368456
0.48000000000000015,-0.0036572355791281,0.0022695732229131922,10.26681135878412,0.008748656241694519,0.012847061836979812,0.0,-0.027189467434514548,0.019016948586634427,1.191704891302478,0.02160820519389567,0.05636071320168949,0.0,443.16471344144674,444.62997561101673,444.9748276702436,443.97619873419154
0.5000000000000001,-0.004229119257936798,0.0026690419501433065,10.290870032385769,0.009220303232754468,0.013974888311090616,0.0,-0.029998900446355184,0.020929924136376968,1.2141624688623072,0.025556493912097328,0.056421934209391525,0.0,427.41786812209466,427.43582273561475,427.7364508985476,428.7439121608894
0.5200000000000001,-0.004866948843711324,0.003112611104067254,10.315899477980146,0.009810949664716517,0.015116094102789468,0.0,-0.03378405813109745,0.02342699125601777,1.288782090575397,0.033508149284098655,0.05769864496050806,0.0,476.51893538122755,476.81353589497206,474.2097598042069,476.0385349666203
0.5400000000000001,-0.005578110589316376,0.003604176002207888,10.34205997291102,0.010371513358639284,0.016221707411065545,0.0,-0.037332116429407716,0.025729498558045644,1.327267402512012,0.02254822010817422,0.05286268586710281,0.0,444.09686612006783,442.907703306891,444.5924994621377,441.89108308947436
0.5600000000000002,-0.00637293216259034,0.004149565245674917,10.369612879154635,0.010783122005518564,0.017227964149672204,0.0,-0.04215004089798864,0.028809425788657254,1.4280232218494746,0.01861264457971008,0.04776298799353279,0.0,498.1567782362893,497.03842853567454,499.75685121167953,498.89559339537544
0.5800000000000002,-0.007255355887213596,0.0047504242809765125,10.398499212835047,0.011050354136719953,0.018100920367314366,0.0,-0.04609233156433693,0.03127647774150232,1.4606101461916554,0.008110568540390665,0.0395326337706569,0.0,439.3965282032677,437.3464183156057,439.2770286842315,436.6567735660124
0.6000000000000002,-0.00822385681325651,0.005404429835653764,10.428326335199976,0.011202015586567526,0.01886326655011672,0.0,-0.05075776103995456,0.03412407772622285,1.5221020903013045,0.0070555764443520404,0.03670198450958459,0.0,465.1128539558913,464.44808365447426,465.117160636526,464.8691251948383
0.6200000000000002,-0.009285148452399746,0.0061143032269509205,10.459251651555771,0.011404091320462939,0.0196550445416932,0.0,-0.05537140287436901,0.036863261403492845,1.5704295452781545,0.013151996945222288,0.04247581464804965,0.0,451.8669850363297,453.2616538675152,452.95160186416103,454.4198166637623
0.6400000000000002,-0.010438899176454335,0.006878438190347381,10.4910544309032,0.011668917750608188,0.02052300480934388,0.0,-0.06000366953108992,0.03955023493615312,1.6098483894646054,0.013330646069342523,0.04432021211698807,0.0,445.01549240051173,445.46912461047714,444.76666305142044,444.8104339227781
0.6600000000000003,-0.011686900617576716,0.007696685452451794,10.52362408551203,0.011986993710371152,0.02139087438252041,0.0,-0.06479647458114818,0.042274491274288166,1.6471170714185375,0.018476949906964874,0.04246674520066852,0.0,443.4537087884551,442.99788509127933,442.38381627223293,443.6530458873873
0.6800000000000003,-0.013030784114986758,0.008569038458239057,10.556845537601543,0.012275184910090609,0.022268980680264505,0.0,-0.06959187515985597,0.04496080930443809,1.6750281375328666,0.010342170064964443,0.04534388457371136,0.0,433.3773986286645,434.10326742789886,436.0181992747776,433.97467978311784
0.7000000000000003,-0.014479529824516488,0.009499612545011714,10.590938767070737,0.012493171620199917,0.0232365381192281,0.0,-0.07528269579311708,0.04809659937282758,1.7342948093865642,0.011456500945924101,0.0514118593226406,0.0,462.5320765079001,463.9644968424634,463.6455774191198,463.90799764282264
0.7200000000000003,-0.01603648530595819,0.01048911513688772,10.625869654099851,0.012733279715099854,0.02421141690801676,0.0,-0.08041285235105333,0.05085365981477299,1.758793893524785,0.012554308544043012,0.04607601955619039,0.0,431.780028059156,430.42933240985894,431.51878641736863,431.7965728655405
0.7400000000000003,-0.017710802512371407,0.011540915965013427,10.66181098337565,0.013011666565930113,0.025131522523575534,0.0,-0.08701886829026843,0.05432642299779774,1.8353390340551268,0.015284376538984675,0.04593454199966041,0.0,479.5853122437461,479.5541562625069,478.1744234188345,478.79775399075163
0.7600000000000003,-0.019516188318112675,0.012661085979248336,10.699141430487284,0.013286574115407568,0.02609470914350087,0.0,-0.09351971228385822,0.05769057842569317,1.8977056771083258,0.012206378408719073,0.05038411999290579,0.0,466.20264246985136,467.24553397291606,467.23924917610384,466.51873524260117
0.7800000000000004,-0.02145522860900778,0.01384983173137788,10.737763031263253,0.013479535733615045,0.026991651232745717,0.0,-0.10038431680565243,0.06118399678726119,1.9644544004885134,0.007089783412006376,0.03931008893157073,0.0,471.9822916127165,469.41290147927316,471.6961880819053,470.509259227409
0.8000000000000004,-0.02353183276448874,0.015107909125743132,10.777642195163235,0.013596172928514783,0.027849299191473165,0.0,-0.10727609874244334,0.06462374264926389,2.0234619895097654,0.004573936078003854,0.046454706941214494,0.0,464.3081824181879,465.9873069845702,463.63979081212585,463.0463489968903
0.8200000000000004,-0.025740125522712612,0.016431008243829953,10.818402170326436,0.013729172119108846,0.028756013742849085,0.0,-0.11355317707994411,0.0676861691594183,2.052535526810348,0.008725982981363269,0.04421674819635093,0.0,436.9669482491201,436.4082544247556,436.4427277192774,437.48097956882907
0.8400000000000004,-0.028073151175430473,0.017814292112913,10.8596443724144,0.01389753808501748,0.029700256805431202,0.0,-0.11974938819184229,0.07064221774888632,2.0716846819860084,0.0081106136095086,0.05020755806187135,0.0,427.6146410050643,429.14402336113744,426.47338830655656,426.31556634328035
0.8600000000000004,-0.03054183158531176,0.019261592949624207,10.90159579660222,0.014000020294784754,0.03066056290102992,0.0,-0.1271186527962862,0.07408786592223399,2.123457736796144,0.0021376073672230425,0.045823051497979064,0.0,458.74319133482857,457.6991038788327,458.7441400623939,457.31901963531146
0.8800000000000004,-0.03316215219886288,0.020778913093322412,10.94464361635934,0.014122459851873437,0.031581884973071794,0.0,-0.13491340855882533,0.07764414844758652,2.18132423891597,0.01010634834167445,0.04630915570619996,0.0,463.48158678636673,463.59731647792466,463.177732299077,465.0538977905356
0.9000000000000005,-0.035938175121802605,0.022366534275350337,10.988768421931843,0.014320432043067655,0.03251667142022274,0.0,-0.1426888837351474,0.08111796975520617,2.2311563183343783,0.009690870777781475,0.04716948900887092,0.0,456.57522850161143,456.7822961938817,456.9622725874324,456.8627798891965
0.9200000000000005,-0.038871905343322674,0.024024070763108165,11.033886567216086,0.014568310345659974,0.033501525678885535,0.0,-0.1506841384168593,0.08463567902057674,2.28065821009009,0.015096959481463813,0.05131593685736712,0.0,455.8216364291801,456.8158657113345,456.43616906347074,457.72848416494946
0.9400000000000005,-0.04197405739148819,0.0257552172338617,11.080176477490111,0.01484718092078463,0.03450911576251858,0.0,-0.15953106639969233,0.08847896805477687,2.3483328173123286,0.012790098031035984,0.049443071505941134,0.0,474.10435334036254,473.6739931152701,472.7220461399659,472.18836947892254
0.9600000000000005,-0.04525774626650272,0.027564795708209133,11.127875861947198,0.015138121551694361,0.03546333285093972,0.0,-0.16883782110176065,0.09247887937996604,2.421605628396326,0.016303965059968364,0.04597863733616735,0.0,478.7126021996086,477.92245905225485,477.9813457870185,478.78387501134785
0.9800000000000005,-0.04872940396935272,0.02945483775727532,11.177019714417852,0.015410900600630661,0.0363475750598834,0.0,-0.17832794918323946,0.09652532552665263,2.4927796186690703,0.010973939833637657,0.04244558355820403,0.0,477.49940509222773,476.69126333151706,477.1795543458495,475.95728320057435
1.0000000000000004,-0.052379983229578715,0.03142092082683728,11.227222642676177,0.01565265022942519,0.037157990843264876,0.0,-0.18672997683935938,0.10008298142954314,2.5275132071633957,0.013201023045824028,0.03859599477996062,0.0,444.0751941549487,443.1278650120145,444.5686930844775,445.11566231274855
1.0200000000000005,-0.05620348568233138,0.0334599788956916,11.278201037335684,0.015908784754972594,0.03792805802300947,0.0,-0.19562026843590727,0.10382282545588932,2.570326258787255,0.01241242950893317,0.03841072319445392,0.0,452.67846411885125,452.6344379997868,451.2303694179691,451.0392292993309
1.0400000000000005,-0.06020563518435466,0.03557402265157821,11.330009156430114,0.016183084732006137,0.038707965715873094,0.0,-0.2045946817664201,0.10758155013277174,2.610485650655819,0.015017568194434564,0.0395800460918691,0.0,449.98079204397277,450.26537167380707,448.8674033009771,449.5010612565246
1.0600000000000005,-0.06441224956134421,0.037773550887784134,11.383217508413848,0.016484801587820286,0.03952722024392319,0.0,-0.2160667559325343,0.11237127348782079,2.710349547717634,0.01515411738702025,0.04234540671315717,0.0,501.9183366981351,502.5206373612578,501.8968368550475,501.9264343013166
1.0800000000000005,-0.06884877882885597,0.04006894796694468,11.438373537968728,0.01672747481711223,0.040286986547866555,0.0,-0.22758617081864205,0.11716843442823305,2.8052534077704077,0.009113205542141359,0.03363122368116684,0.0,498.7932836510929,496.8812526442841,499.59387129249467,498.2706490777801
1.1000000000000005,-0.07349703269169197,0.0424523266352605,11.494909583112856,0.01701885498154887,0.04097661205884151,0.0,-0.2372392154649581,0.1211694324033495,2.848351106642273,0.020024810901554876,0.03533132741636053,0.0,452.50484245590116,452.915660737771,453.0539962144709,455.6782198322786
1.1200000000000006,-0.07835031910423645,0.04492070130668887,11.55255905287893,0.01749514998141155,0.04170436097356944,0.0,-0.2480894257894904,0.12566803473948732,2.916595869965204,0.027604689084738537,0.03744356405647212,0.0,476.2931562307709,476.77798329172197,475.15600111439863,476.8960175913714
1.1400000000000006,-0.08342968816298457,0.04748330123003847,11.611744567005802,0.018066992427237416,0.04248833364240401,0.0,-0.25984748008532177,0.13059195759547332,3.0019555427220106,0.029579555497828737,0.04095370282698147,0.0,491.01449129419456,491.79559107548897,491.08078993083063,491.52016478877647
1.1600000000000006,-0.0887289161615592,0.050138543281882594,11.672225200421014,0.01871806302054324,0.04331349166680987,0.0,-0.27007531977214116,0.13493224758893835,3.0461077987992793,0.03552750383273269,0.041562099613564024,0.0,455.6021961191342,455.7489383325664,454.7512704347207,456.1786205668441
1.1800000000000006,-0.09424400601233554,0.05288617580972826,11.733803639240433,0.019581561881524046,0.04417136314843084,0.0,-0.2814336653054937,0.13983100519562763,3.1117360831426817,0.050822382265373174,0.044225048548504495,0.0,474.88344650991286,475.4966485491951,473.1178790293762,476.6380441179737
1.2000000000000006,-0.09998968478504877,0.05573455920626048,11.796720925108291,0.02055341682231404,0.0450540678810647,0.0,-0.29313421196582956,0.14500733445759473,3.179992503643158,0.04636311181362366,0.04404542471489279,0.0,477.48100460709514,477.44085413898375,478.4416970972584,477.4235174534219
1.2200000000000006,-0.10595463547709603,0.058681249947801065,11.86062438642067,0.021533403125387096,0.04592547102526545,0.0,-0.3033608572388967,0.14966173969646415,3.210353627594648,0.05163551849367905,0.04309488970519971,0.0,443.9351393002408,443.70218596934797,443.23598310064983,444.53530110661535
1.2400000000000007,-0.11213245825179344,0.06172622443786836,11.925273207611472,0.022568772635441547,0.04681700670990985,0.0,-0.3144214202308429,0.15483570931026577,3.254528491485508,0.05190143251174816,0.0460586787592161,0.0,455.85061979345636,456.5615585855512,457.39931078045856,457.4644707496385
1.2600000000000007,-0.1185416227894359,0.06488100710628304,11.990975618415229,0.023542424930758088,0.04785057509103474,0.0,-0.32649503353340464,0.1606425575312028,3.3157125888902432,0.04546379701990811,0.05729815935324924,0.0,470.9104328452193,473.51264724625906,473.20393637363935,471.716451374435
1.2800000000000007,-0.12518625620642845,0.06815016554865787,12.05772046904708,0.02453131099998629,0.04909820351993943,0.0,-0.3379683081658498,0.16627328670627914,3.358772474294867,0.053424809902929235,0.06746468353721362,0.0,455.34544350640397,457.7810663454002,455.40005903035296,457.3076253111802
1.3000000000000007,-0.13205541581766114,0.07153033996201325,12.125164918847108,0.025654428654330097,0.05042847179078436,0.0,-0.34894765295742103,0.17174415462925943,3.3856725057079364,0.058886955531440625,0.06556214354732244,0.0,441.274127525168,440.8061520652552,441.80212807848403,443.153073410305
1.3200000000000007,-0.13915690337459152,0.0750273954718703,12.19334055850359,0.026871130649489317,0.05171261353880219,0.0,-0.3612011027356173,0.17796139635644567,3.4318914599400894,0.06278324398451039,0.0628520312544186,0.0,460.11405854406513,459.4729424290291,459.34707551968296,460.2754032194664
1.3400000000000007,-0.14651405053771396,0.07865561687176023,12.262584569173551,0.028208504363922415,0.05297305251007334,0.0,-0.37451361357662777,0.1848607436325473,3.492509607056205,0.07095412745876639,0.06319186587269233,0.0,473.0371514847574,473.1182529814837,471.91448395753633,473.8054553886472
1.3600000000000008,-0.15413852456969837,0.08242409966325188,12.332999749158803,0.029649925530924826,0.0543060603285479,0.0,-0.38793378962181274,0.19198753551661868,3.5490083914689783,0.07318798924146284,0.07010891597477643,0.0,468.96016853323545,470.57197306628467,469.4194475085731,469.942776396706
1.3800000000000008,-0.1620117009242908,0.08632616768114133,12.404120212219048,0.031160333121193595,0.055687085069160425,0.0,-0.3993838458374289,0.19821926627232503,3.5630379145556215,0.07785276978540669,0.06799355808646987,0.0,430.832923235688,430.299925667148,430.477529148692,431.6644970032157
1.4000000000000008,-0.17013957687069345,0.0903687739451195,12.475929527924581,0.03274632012342327,0.057090838684588086,0.0,-0.41340374880283903,0.20604136012549068,3.6178936559976047,0.08074593043760063,0.07238180345632371,0.0,467.6469536776685,468.6745354665439,469.03515115940996,469.7132339978563
1.4200000000000008,-0.1785523120689036,0.09457232664332264,12.548851803877639,0.03432456307548204,0.05852219043233564,0.0,-0.4278697710181762,0.21431390969482475,3.67433393930819,0.0770783647682388,0.07075337131839225,0.0,469.97043658120504,469.5953585928343,471.75104888102203,470.9055206947394
1.4400000000000008,-0.18723210500121976,0.09893014402594426,12.622460880605452,0.035789842576517295,0.05995142786514496,0.0,-0.4401095222134416,0.22146782856733582,3.6865737334730797,0.06944958533524287,0.07217037196250484,0.0,429.7964108865563,430.16058524724906,431.0991484160739,429.1657700631516
1.4600000000000009,-0.19616275989336995,0.10343591920589323,12.696365653589075,0.03713000504274966,0.06139934527039781,0.0,-0.45295596700157764,0.229109689427562,3.703903564889194,0.06456666128797221,0.0726213685628052,0.0,434.3665814892514,434.4841900295013,436.35285061752734,435.1319509186428
1.4800000000000009,-0.20539434363466494,0.10812207738585704,12.771281463014072,0.03843130491495117,0.06281064104822054,0.0,-0.4702024071279204,0.23950612856881906,3.787677377610492,0.06556332593220468,0.06850820921951135,0.0,495.6903331037917,494.78617569233086,494.2906672545152,494.51357019921375
1.5000000000000009,-0.21493844125055953,0.11299756995560722,12.847294314279097,0.03969465860566945,0.06416694476232188,0.0,-0.48420735446153773,0.24804312840619952,3.8136077488919407,0.060772043139659615,0.06712216219061146,0.0,443.9463591035299,443.60857305128536,444.8673841948957,443.69196968377935
1.520000000000001,-0.22477036962408825,0.1180495027155262,12.923898589314199,0.040990153091494896,0.06556542581480418,0.0,-0.4989854828913335,0.2571501475856974,3.846819754618247,0.06877740544289043,0.07272594305765893,0.0,450.0912674234319,451.4531683942875,450.3266721946441,452.2678293166999
1.540000000000001,-0.23488928986066412,0.12327917416993088,13.000987257455499,0.04230418367878386,0.06701187985050971,0.0,-0.5129065407662563,0.2658169978547706,3.862047059511807,0.06262565328601165,0.07191946051287508,0.0,434.4108288812687,434.2121206781061,435.19677430581373,433.65287439894763
1.560000000000001,-0.24529377803664282,0.12868751418717683,13.07844074172036,0.04347283495993892,0.06839301784495344,0.0,-0.5275422768316141,0.2750170038698233,3.8833013669743117,0.05423947482952493,0.06619433893151072,0.0,441.52878814658226,440.1134557852669,440.7610634794056,438.67964494065143
1.580000000000001,-0.25598129423902155,0.13427431909477458,13.156133619489193,0.044556898716757054,0.06968357444259077,0.0,-0.5412093434062624,0.28366348688995124,3.8859864099089276,0.05416690085225703,0.06286132083226269,0.0,422.488604995186,421.62905101800305,422.9708039017016,422.9541710224214
1.600000000000001,-0.2669890266929764,0.14006445953427327,13.234513795749635,0.04567904137442991,0.07109362315277146,0.0,-0.5595639019892256,0.29535055705991814,3.9520312161352074,0.0580473649150252,0.07814355018578335,0.0,479.0296454240362,482.50605962147773,480.9739511107184,481.85655453301973
1.620000000000001,-0.27833928361171895,0.14607312927624735,13.31381766452894,0.04683041914320629,0.0727570678938072,0.0,-0.5754617898850247,0.3055164171374901,3.9783556617952613,0.05709041196258758,0.08820092391780658,0.0,443.66744198650457,446.1428354528772,446.871256196033,446.639476419568
1.640000000000001,-0.29003047983414637,0.1523000302074193,13.393911568136941,0.048089937814162376,0.07452145524152076,0.0,-0.5936578323577203,0.3171736759797056,4.031034699004891,0.0688614551330593,0.08823781085357597,0.0,469.24890401978564,469.2635080710817,469.562397030971,472.29609935246515
1.660000000000001,-0.30206486895433593,0.15874700252156793,13.474722213191347,0.04947777783051244,0.0762527737763321,0.0,-0.609781079661237,0.3275235554351555,4.050029806435772,0.06992254650196751,0.08489404262751647,0.0,439.8609942030723,439.03597794946,439.65082864851803,439.9181584878748
1.680000000000001,-0.3144371941654193,0.16541152838265064,13.5560655637821,0.05077910529069829,0.07795094434969929,0.0,-0.6274514414471034,0.3389290306731164,4.084305252639587,0.060210199516575594,0.08492301470920247,0.0,454.4994616556421,454.5121671891063,454.853983679869,452.5179883272314
1.700000000000001,-0.32717559161099324,0.172312812079004,13.638205527474126,0.05188751650298684,0.07964511415087383,0.0,-0.646388303110292,0.3511993389622188,4.129691116562789,0.050630921712257436,0.08449396540825957,0.0,464.49981647151765,464.4044369582906,465.69444105421354,463.44334466171404
1.720000000000001,-0.3403019772931119,0.1794654899610334,13.721316936507904,0.05288704667948707,0.08133653467797686,0.0,-0.6662502651015693,0.3640684492407194,4.181449786815032,0.04932209593780037,0.08464808730200797,0.0,470.1043067720814,470.14555642826264,471.21623727299567,470.9140537545628
1.740000000000001,-0.35378248442269755,0.18684730252289702,13.804883101091901,0.05384728219382939,0.08305017126097347,0.0,-0.6818004478569941,0.37411280694564325,4.175166671584659,0.04670145549644133,0.08671557099769396,0.0,416.72565386265177,417.2739143698877,416.0841974384974,415.3969651513199
1.7600000000000011,-0.36759413050959505,0.19444269816047402,13.88852537570196,0.054785801158879543,0.08485672145681367,0.0,-0.6993641608327543,0.3854267568120559,4.189060789421107,0.04715044100856289,0.09393944858632322,0.0,435.6218096617182,437.43676224799884,435.7340129185428,435.8479579937878
1.7800000000000011,-0.3817626326259324,0.20226744765180488,13.972465706105076,0.055543362050884504,0.08683486903404347,0.0,-0.7174860508009778,0.3970481923210296,4.204972250890658,0.028605648191892936,0.10387530913661815,0.0,436.68051409183073,439.1677793403704,440.9026697256614,436.28295705190976
1.8000000000000012,-0.3963163055688595,0.21033800294864619,14.056936064916039,0.05612563878839616,0.08892244938729643,0.0,-0.7378812434917301,0.41000733736310185,4.242063630205631,0.02962202555929612,0.10488272618868029,0.0,458.37871446812153,458.62787842383625,457.79129870642146,458.0340774378175
1.8200000000000012,-0.4112954629727368,0.2186770393057822,14.142289716823338,0.05665355459184518,0.09089651051515624,0.0,-0.7600344968959948,0.42389629835049725,4.293301560524331,0.02316955478557324,0.09252338659730315,0.0,473.07319352849026,470.21821962710925,471.67379188289163,470.17656387494594
1.8400000000000012,-0.4266745305334959,0.2272652565223148,14.228141011792944,0.05714357017190075,0.09271777440920115,0.0,-0.7778722591799182,0.4349254233027634,4.2918279364362695,0.0258320032199443,0.08960300280718474,0.0,422.2518401780985,421.50299833698443,422.6222798846595,423.3103207756879
1.8600000000000012,-0.442424501402375,0.23608146475525163,14.314075868139637,0.05772076761790501,0.0945527928168266,0.0,-0.7971248277079903,0.44669539999092017,4.301657698233021,0.03188774138049741,0.09389883795532493,0.0,431.9723711940804,433.06482040891274,433.7632604708333,435.286544025893
1.8800000000000012,-0.45858634317706426,0.24514821575279597,14.40044899653418,0.05828989196978451,0.09640138204377191,0.0,-0.8190593497609393,0.4599796997635114,4.335655141221287,0.02502469380748161,0.09096008473916624,0.0,456.4565495851125,455.7596009707709,457.50714989271023,455.8650813803973
1.9000000000000012,-0.4751983943374021,0.2544862726283403,14.487576127131327,0.05872976831873533,0.0982190355184338,0.0,-0.8421457662728395,0.4738259877909191,4.377057918493285,0.01896294108762044,0.09080526272699109,0.0,463.4030591766598,463.37311475840335,464.2728719998798,462.8438049935394
1.9200000000000013,-0.492261612552228,0.26409336623688107,14.575379611037022,0.05906936007419983,0.10006523908982423,0.0,-0.8641760552097538,0.4868833730631627,4.403290472076138,0.014996234458807886,0.09381509441203002,0.0,450.15954064679596,450.89647210139907,449.8914722499002,448.9267586513778
1.9400000000000013,-0.5097873110477954,0.2739727382121414,14.663883480457363,0.05942429105895197,0.1019878667769758,0.0,-0.8883937943469913,0.5010538244628737,4.447096469957987,0.020496864016368188,0.09844767430308633,0.0,465.7374799542129,466.83029269023797,465.69233643803955,466.9813447432349
1.9600000000000013,-0.52772247206813,0.2840901562436497,14.752486975357849,0.05978158578946502,0.10401197781863569,0.0,-0.9051223076864741,0.5106879786879526,4.413253020090468,0.015232609034948667,0.10396342986291211,0.0,389.5712234344658,391.12541680399175,392.1655451106403,390.6956834915631
1.9800000000000013,-0.5460635162994075,0.2944397021023961,14.841063267930721,0.06006811414161639,0.10609171249235949,0.0,-0.9289821154412774,0.5242666071866904,4.4443762371968205,0.013420226180184637,0.10401003750942725,0.0,454.99662052801017,455.0169557362013,455.2376109961129,454.8021863382914
2.0000000000000013,-0.5648654049361499,0.30504950582467105,14.930063410254258,0.060386687120519866,0.10817959525231124,0.0,-0.951206748232952,0.5367137650408002,4.455637995156826,0.018437071710138316,0.10477823848578079,0.0,436.84605315826377,437.04783016386745,435.8026813422819,437.0589087254791
2.0200000000000014,-0.5841283143108056,0.3159156085091867,15.019399883364411,0.060906773934446434,0.1101585158851055,0.0,-0.9750841892326161,0.5498965034107637,4.4780093158586185,0.033571609682486625,0.09311382479362942,0.0,449.5026371659225,446.6670603060114,444.85685336005935,448.55962972240627
2.0400000000000014,-0.6038630129883433,0.32704086819303485,15.109091698479213,0.061567975706446454,0.11196937542371277,0.0,-0.9983856785211547,0.5626294649740525,4.491172195621647,0.032548567517497594,0.08797212906713578,0.0,439.43958240008095,438.16638292462864,439.25440315498383,439.0002460017128
2.0600000000000014,-0.6241010784724608,0.3384404442719404,15.199343470095776,0.06235940861819067,0.11381870985785092,0.0,-1.025420869890591,0.5773281429165044,4.534004966034683,0.046594723656958506,0.09696131434670316,0.0,465.01162326409184,467.12558227810206,465.55316228617437,468.8393201793043
2.0800000000000014,-0.6448434391073704,0.35011353683803487,15.290094210071606,0.06330376213095246,0.11567144511497585,0.0,-1.0488151936003762,0.5899811136929405,4.541069031548455,0.04784062761925207,0.08831221136576337,0.0,434.69117176252837,432.5193855106885,433.7685658531205,434.08372120071664
2.1000000000000014,-0.6660606125988381,0.3620432422873961,15.381012222024196,0.06422909111621244,0.11743200470738824,0.0,-1.0729021555463842,0.6029894312431802,4.550732163710691,0.044692270906736054,0.08774374787547272,0.0,437.0553106133262,436.91976197673904,436.2635097378512,435.475500927785
2.1200000000000014,-0.6877716444407752,0.3742395498680268,15.47219417031786,0.06510739599758342,0.11922405504309985,0.0,-1.0982010286473303,0.6166413268198918,4.567462665655603,0.04313821723033206,0.09146128569569402,0.0,442.9431778207079,443.86590742002994,443.4844313688188,443.10243073916143
2.1400000000000015,-0.710031424492373,0.38673182625413705,15.564033997991215,0.06593450990878402,0.12107215505788549,0.0,-1.1277769765124532,0.6325863117911334,4.616520101679962,0.039573173889701135,0.09334871578287383,0.0,472.60706531774343,473.0498122438788,473.9728415913992,473.1509851439895
2.1600000000000015,-0.7328886075763822,0.39954565623602695,15.656864704398972,0.06669114143906985,0.12283887991602871,0.0,-1.1579413318884662,0.6487966863978559,4.666550539095675,0.03608997913889784,0.08332377003146216,0.0,475.77084980997523,473.46914674988267,474.90248871189766,474.10088849483265
2.1800000000000015,-0.7563474569117794,0.4126822229440634,15.750646400034118,0.06736251342296384,0.12455011404714877,0.0,-1.1879436016512495,0.6648599844057907,4.711619024419019,0.031047219250501495,0.08779964308058777,0.0,470.31988032518603,471.3640581471742,471.081352847646,469.91046541781736
2.2000000000000015,-0.7804288585983516,0.426151441827141,15.84547457027356,0.06801584927057736,0.126161303643185,0.0,-1.2201965670059818,0.6820619039019649,4.771197999525258,0.03428636551081083,0.07331931652302284,0.0,485.2214434030693,481.9545750912552,483.873997517949,484.6053081256367
2.2200000000000015,-0.8050883628686187,0.4399281638083862,15.940933812443417,0.0686930042824665,0.12762312275022136,0.0,-1.2457538600207205,0.695610294222554,4.774726217460498,0.03342913567807623,0.07286259418065386,0.0,433.72124767800585,433.61046378838705,432.7923699473479,432.5763547052619
2.2400000000000015,-0.830245870575945,0.45396850021893154,16.036337466025,0.06934312168207502,0.1291135751608703,0.0,-1.2699969107119058,0.7084233468319847,4.765639140697639,0.03158260428277772,0.0761826468842593,0.0,421.2664608419622,422.1313884559581,420.3139604825958,419.8340330812159
2.2600000000000016,-0.8559514338037567,0.46829843278933175,16.132022233061576,0.07002453114767615,0.13062270397354325,0.0,-1.300559412069262,0.724569910208035,4.802837562960186,0.036558342277373264,0.07473023438306939,0.0,465.0256924835341,464.6885122960893,464.23240356978164,465.4026655944989
2.2800000000000016,-0.882262580767709,0.4829478652259989,16.228379763573816,0.07073973929157784,0.1320435231427073,0.0,-1.3305552843259707,0.7403733334586836,4.832915488263589,0.034962472112803705,0.06735168253332109,0.0,460.7141242467781,458.96456433489215,457.9145937225671,457.5341022677192
2.3000000000000016,-0.909169868293653,0.49791113357215844,16.325284900720288,0.07135676493042897,0.13336592006413728,0.0,-1.3601734682684294,0.7559535011572702,4.857598226383627,0.026740091772266487,0.06488800960968298,0.0,454.2977162943439,453.70791241567684,455.3523779574958,453.3750185184301
2.3200000000000016,-0.9367245398464545,0.5132149199946294,16.423069602169704,0.07182627892570803,0.13484268563720558,0.0,-1.3952936870117267,0.7744251410898303,4.920871918558224,0.020211307755605753,0.0827885476971502,0.0,486.95469127355665,490.9585327453214,489.61935590876385,488.15991539968326
2.3400000000000016,-0.964901555699481,0.5288448315701847,16.521501447146985,0.07221278118214336,0.1364363465221281,0.0,-1.4224078982909196,0.7885660164656947,4.92231257917,0.01843891788789756,0.07657754079507924,0.0,433.3244118651122,431.76076028981157,434.01754842433394,433.5709688063174
2.3600000000000017,-0.9937212409493152,0.5448092798000972,16.62066709186292,0.07251250448034341,0.1380200766926034,0.0,-1.4595606266925076,0.8078788065255545,4.994251892423332,0.011533411932081574,0.08179547625246962,0.0,496.3404800306841,497.49207814251594,498.0040278409163,496.4861260514364
2.3800000000000017,-1.0232327627426927,0.5611316949530099,16.720871644486675,0.07270759739703436,0.13956796644318104,0.0,-1.491591552645224,0.8243627087657135,5.026203369952157,0.007975879736986848,0.07299349880530867,0.0,464.2435136159084,462.1717781819436,462.7084245213326,461.8672115988449
2.4000000000000017,-1.0533654769114074,0.5777721994577769,16.821550710500077,0.07286029382474624,0.14107291172734016,0.0,-1.521679864226248,0.8396877417109879,5.0417032313882455,0.007293763034238149,0.07750102961064412,0.0,446.73031374779316,447.8358578489149,448.6832301075758,448.5169215053603
2.4200000000000017,-1.0840977687867048,0.5947166086774626,16.92250052338976,0.07294666055760946,0.14266362156293155,0.0,-1.5515493233035096,0.8547531802575744,5.053278057580098,0.001342910252059992,0.08156995394853682,0.0,444.5900632522111,445.59399371481516,444.6249005346356,443.15953791213957
2.4400000000000017,-1.115457311266624,0.6119758109741907,17.023864698433567,0.07299534701277732,0.1443159766649993,0.0,-1.5844049246883984,0.871167049415251,5.083139446800422,0.003525735264719152,0.08366555625823155,0.0,461.81728026107777,462.31807378178695,461.1035580828632,461.62063735443775
2.4600000000000017,-1.1474328760886834,0.6295407272124584,17.125516875294426,0.07311370281282503,0.14597520424468335,0.0,-1.6131515575175512,0.8853245744115092,5.082078239285759,0.008309844740038423,0.0822572017101961,0.0,433.5861278827136,433.23687530364356,431.96721234458164,433.1759557692865
2.4800000000000018,-1.1799358534245459,0.6473636301543814,17.226801944135435,0.07325326789572628,0.14765763438001134,0.0,-1.6371461760686876,0.8969657197807936,5.04642864481511,0.005646663550102633,0.08598581182262587,0.0,397.5575358146512,398.58768802843673,398.312875892332,397.58128188216875
2.5000000000000018,-1.2129375418036674,0.6654273382199968,17.32748058544794,0.0734184721100366,0.149387898517082,0.0,-1.6630226618434856,0.9094050867807427,5.021435486435681,0.01087375788091656,0.08704060188448116,0.0,408.50737652858965,408.796299591971,408.40901439615084,409.8054396064624
2.520000000000002,-1.2464731247051333,0.6837464695810933,17.42774659549062,0.0736884430621263,0.15115344976563616,0.0,-1.690535628303105,0.9225080493289135,5.00516551783225,0.016123337328093137,0.0895145229709532,0.0,416.84125819548046,417.49624593446805,417.42805349905905,418.800237618916
2.540000000000002,-1.2805954509611444,0.7023440621804081,17.52790363320652,0.07397728260219782,0.1529359958719283,0.0,-1.7216969972980036,0.9372512106025667,5.010538253757896,0.01276061667902775,0.08874008765827528,0.0,438.98531366365773,438.7992541415193,439.3714591055872,438.53406267932985
2.560000000000002,-1.3153259128328807,0.7212279487361798,17.62804547540796,0.0742328075081522,0.1547285628627515,0.0,-1.7513491898756202,0.9511374449745919,5.003645966385925,0.012791873916405253,0.09051661142407952,0.0,427.46721450572824,427.9281015371187,426.6140299298622,426.62192507528266
2.580000000000002,-1.3506392866753916,0.740383417304019,17.727961241095755,0.07446774396508982,0.15654628782406377,0.0,-1.779988194375473,0.9644094118093266,4.987930602393591,0.010701771777382137,0.09125588470711316,0.0,419.1441101493686,419.34424574132174,417.8548572175572,417.3076738510273
2.600000000000002,-1.3865515345458919,0.7598153036610239,17.827705072235936,0.07469514537020494,0.15837507138726092,0.0,-1.8112365926745557,0.9787792238911617,4.986452511624642,0.01203836873413278,0.09162247161262017,0.0,432.8475175201016,432.94730962419123,431.97015314367695,432.3080897025154
2.620000000000002,-1.4231722319107862,0.7795721643432677,17.927916500168493,0.07491575258350114,0.16021469113959252,0.0,-1.8508331438148817,0.9969068443332122,5.034690281631007,0.010022352595514462,0.09233950362056377,0.0,478.51000236905077,478.6801490328069,479.08878681004353,478.62851637535783
2.640000000000002,-1.460510733598528,0.7996554772690686,18.02860546520133,0.07508808597972205,0.1620812675460508,0.0,-1.8830170249592895,1.011424448246881,5.034206221652877,0.007210987026588901,0.09431813702527131,0.0,434.0408083610962,434.5461753344881,434.5486429529174,433.84082230201324
2.660000000000002,-1.4984719422576365,0.8200179633790574,18.1291326652212,0.07529649954816886,0.1638423954536945,0.0,-1.9131038409515708,1.024824162751989,5.018513780333916,0.013630369818127139,0.08179465373912978,0.0,420.51072055759835,417.2510543981182,418.93228446898746,420.6036710408937
2.680000000000002,-1.5371439464387449,0.8406967776408198,18.22998273112638,0.07559836330329617,0.16554478391241112,0.0,-1.9540965771592662,1.0430572634242459,5.066492810184023,0.01655600569460484,0.0884441921325614,0.0,477.74196588976866,479.2656864884995,479.6131178444764,480.2792239298927
2.700000000000002,-1.5765392922627695,0.8616952460622358,18.331189381859563,0.07593881505536437,0.167337871561255,0.0,-1.985438005243188,1.0567895787173451,5.054172263134346,0.017489169512194883,0.09086457275181757,0.0,422.4817225528478,423.1143742504849,423.7706900975407,424.0112334894716
2.720000000000002,-1.616755270133563,0.8830543217297577,18.433272161809153,0.07638006276117615,0.1690299131738051,0.0,-2.0361597818361616,1.0791179880348478,5.1541057318246235,0.026635601069020208,0.07833958850317134,0.0,525.0056280913459,522.3973140006883,522.6625234831544,524.5714969367626
2.740000000000002,-1.6577715094236052,0.9047630133060368,18.536070556024153,0.07696933468958811,0.17066023013592702,0.0,-2.06546414716804,1.0917511695930524,5.125733689675211,0.03229159177213559,0.08469210770900046,0.0,407.0036305371911,408.71155251598293,407.93791198096284,409.4507905579684
2.760000000000002,-1.6995083242881344,0.9267839162573697,18.63906168230286,0.07745939582294437,0.1723702499615669,0.0,-2.1082173392848693,1.110339125540237,5.173378938195466,0.016714521563513874,0.0863098748549492,0.0,480.2552887656121,480.62860663439807,482.4191190310014,478.877303623009
2.780000000000002,-1.7421256431048986,0.9491869729220007,18.743125154581435,0.07772396737975296,0.17408419757954707,0.0,-2.1535145423915663,1.1299665409228685,5.232968289662342,0.00974263411733087,0.08508488694308611,0.0,491.90601494156704,491.6391232274591,492.12533957012903,490.5744021970402
2.800000000000002,-1.7855796550888177,0.9719504733395526,18.847960567754523,0.07797055927714514,0.17576286806124042,0.0,-2.1918866560003365,1.1463835008323278,5.250573027646378,0.014916555621863406,0.08278216122623595,0.0,454.7174080948991,454.16934437098615,454.37914687210196,455.6218854416622
2.820000000000002,-1.8297853476860066,0.9950340868330262,18.953037148890584,0.0782579667863681,0.17746887401273526,0.0,-2.22868260371855,1.1619778485150285,5.257085085959655,0.013824195300425118,0.0878184339232125,0.0,443.62095514499254,444.8656397365001,445.12362157369654,444.8552059437094
2.840000000000002,-1.8747978227530961,1.0184592825752432,19.05861632856178,0.07852126796973113,0.1791840541306522,0.0,-2.2725649029904096,1.1805417257066637,5.300832881159715,0.012505923035838525,0.08369957786849481,0.0,478.9602026642739,478.0251697182776,479.7012510448093,479.40066635550227
2.860000000000002,-1.9206428988970952,1.042234813187416,19.1647974048576,0.07882030780150284,0.18092006585368914,0.0,-2.311942711409476,1.1970113355106122,5.317274748422445,0.017398060141331835,0.08990159443522144,0.0,454.34897165507874,455.84403796367627,453.99890959440205,455.1750368142857
2.880000000000002,-1.9672931413467674,1.066346081093066,19.27138073971801,0.07912190019728893,0.18260312146715485,0.0,-2.353081533557753,1.2141154550543996,5.341058737618268,0.012761179437250667,0.07840396691134857,0.0,463.5423079840632,460.82972718872827,462.3234632624663,461.2258536230086
2.900000000000002,-2.0147319649531745,1.0907835836982303,19.378232664618714,0.0794430902546468,0.18418108352143214,0.0,-2.3908008270829546,1.229634805462012,5.344133752452263,0.01935782629853556,0.07939223851636922,0.0,443.09484187976375,443.34347817340665,441.9531821895689,443.58150553093
2.920000000000002,-2.0628812305534283,1.1155117640204857,19.484891645831784,0.07982078698949024,0.18571489103784522,0.0,-2.424125732942405,1.2431832267635428,5.321764368854638,0.018411847185781975,0.07398851312494874,0.0,418.89285712952176,417.4859488996268,418.1853807065469,417.9380341402283
2.940000000000002,-2.111818723715494,1.1405618113574352,19.591732495235235,0.08014903437426124,0.18716749934649268,0.0,-2.4696235832642204,1.2618215069314112,5.362320571490558,0.01441289129132859,0.071272317739764,0.0,478.1807898913378,477.5633946671005,477.9914630912512,477.07609454803537
2.960000000000002,-2.1616484201185147,1.1659761301403955,19.699270232793236,0.08055174229464246,0.18856936486019382,0.0,-2.5133460570378485,1.2796103713646056,5.391453184309426,0.025857900746749794,0.06891423363036925,0.0,468.41227502388256,467.8653359141142,466.5849068975741,469.25816524793817
2.980000000000002,-2.212332904078328,1.1917371988472545,19.807268716808913,0.0811748949888278,0.18998045345318104,0.0,-2.555102338943466,1.2964964993213097,5.40839521725808,0.03645736867174583,0.07219462566831852,0.0,457.03077478574875,457.8180614619171,455.94993340165297,458.4839087923362
3.000000000000002,-2.2638397383299433,1.2178303552473153,19.91552148024254,0.08196683240947067,0.19137732806136754,0.0,-2.595581086218047,1.3128191406847847,5.416881126104315,0.04273637339250035,0.06749283515034418,0.0,450.58422557234337,449.4461888885285,448.7566856198311,450.2840201351244
3.0200000000000022,-2.316049448146812,1.2442049808063407,20.02337758782254,0.0828834912317502,0.19266365218917425,0.0,-2.6253898954688535,1.324643415217754,5.368729631895735,0.04892950883541604,0.06113957763035754,0.0,393.0736875990642,391.30704348432755,392.8011691540113,394.52206815420834
3.0400000000000023,-2.368955311196448,1.2708587702712364,20.130768977226385,0.08398762971914397,0.19381868227730337,0.0,-2.66519640949472,1.3407355312718168,5.3704093084888465,0.06148433990392379,0.05436343118254239,0.0,444.0286762984651,442.3602004295197,441.73397050026637,444.83114917056116
3.0600000000000023,-2.4226229344307915,1.2978206095312834,20.23800492766844,0.08522083857113216,0.19496631767544148,0.0,-2.7015659139396533,1.3554483947328737,5.35318573571672,0.06183654529491733,0.06040010863129015,0.0,423.02590548659043,424.5849529656363,426.0093644038018,426.10260454140325
3.0800000000000023,-2.4770829997166937,1.3251057549207463,20.345211313034156,0.0864702631086125,0.19623549110851535,0.0,-2.744440614650561,1.373066144213424,5.367452800854493,0.06310590845309666,0.06651723467608056,0.0,453.91297167649066,455.38606605298673,455.9573746552159,456.2641965381724
3.1000000000000023,-2.532344280112165,1.3527199459002954,20.452404483698512,0.08766947947027504,0.1976256020734608,0.0,-2.7816874248965915,1.3883529537414978,5.351864265581232,0.05681572771315974,0.07249386181848454,0.0,426.53804275789344,428.07034123291186,427.3921260330592,425.78347453500237
3.1200000000000023,-2.5885019653430708,1.380706837790195,20.560023870827415,0.08884022825363935,0.19911286623523505,0.0,-2.8340810981939755,1.4103362352484445,5.410074447309206,0.060259150623275505,0.07623255435895912,0.0,494.45230814238494,495.2815229375237,495.0500750560266,495.8115772832107
3.1400000000000023,-2.6455842727108707,1.4090801507524007,20.66817698016395,0.09002232508766639,0.20059153437862154,0.0,-2.874149638585984,1.42699506097213,5.405236486344246,0.0579505327794235,0.07163425997968928,0.0,439.0818681584846,437.9403702422128,438.7040514069258,438.1311070830272
3.1600000000000024,-2.7035197686003136,1.4378102029181756,20.776470087627352,0.09123497688119375,0.202136707500574,0.0,-2.919399950358295,1.4460101556053842,5.424074259995901,0.0633146465733513,0.08288305221555115,0.0,460.2998151131368,462.96693136776935,459.87033054728187,461.145693095883
3.1800000000000024,-2.7623051692011216,1.4668968144522383,20.884852684704704,0.09244070476875521,0.2038056930905423,0.0,-2.959140109722479,1.462650997800882,5.414185447739295,0.057258142182817155,0.08401550678127424,0.0,434.5103161156273,434.80085584372165,434.43466278834956,432.9111881701287
3.2000000000000024,-2.8219000132334244,1.4963232603007595,20.99308977333132,0.09356366021259532,0.2054355347387551,0.0,-3.0003442935078164,1.4799935870512304,5.409523414922352,0.05503740220118474,0.0789686580400452,0.0,439.40419468471555,438.15285214208274,440.3081220228651,439.75878401308995
3.2200000000000024,-2.882331501774009,1.5261025440622569,21.101275364219198,0.09461740417388587,0.20704347926342948,0.0,-3.0428045605506577,1.4979347890984989,5.409035673865547,0.05033699392783852,0.08182579442740981,0.0,443.56065177848416,444.2691450401856,443.9397578585787,442.782993377398
3.2400000000000024,-2.9435699893943506,1.556221901980133,21.209232828922328,0.09558091861762819,0.2086587251358729,0.0,-3.08104420148349,1.5140010026891337,5.386710796447687,0.046014450446380764,0.07969879281690782,0.0,422.5628565018756,422.01811329442285,422.98403083835433,421.8672886549324
3.2600000000000025,-3.0056825408581984,1.5867118217213692,21.317240929035364,0.09659044257058991,0.21014058794131518,0.0,-3.13021094490127,1.5349909714344563,5.414099214855832,0.05493794484976332,0.06848748772729715,0.0,472.0063314983062,469.4077177959206,468.1352225305273,470.21519176831254
3.2800000000000025,-3.068755357717445,1.6176114197666736,21.42567001705852,0.09769051507779292,0.21148067786336533,0.0,-3.177070741023404,1.5549688330959721,5.428809587459346,0.05506930587052867,0.06552150447769661,0.0,459.43559080948324,458.7328031386439,458.55182563097867,458.5850559733259
3.3000000000000025,-3.132619888179553,1.6488450651380089,21.533702121249675,0.09880738638054698,0.21280219379308907,0.0,-3.209382305187435,1.5683957040375676,5.3744008316564,0.0566178244048751,0.06663008849465438,0.0,390.4032344848548,390.71732367872767,388.4558720132383,388.8938836113107
3.3200000000000025,-3.1972308146886625,1.6803932608506933,21.641095263089536,0.0999123547855243,0.2141605498167296,0.0,-3.251710345723495,1.5864238672308604,5.364913352329818,0.05387901609287797,0.06920551386943836,0.0,436.03517417096526,436.68369046890507,435.47951766187856,434.793805714705
3.3400000000000025,-3.2626893476673953,1.7123029268322354,21.74828812235597,0.10109724707881629,0.21558337462507193,0.0,-3.294142952149777,1.6045427309233646,5.354372574313601,0.06461021323635574,0.0730769669647989,0.0,435.2258052563896,436.2007417933851,432.6533455989269,435.3579928734372
3.3600000000000025,-3.3289267733128494,1.7445433207057126,21.854937452373687,0.10230129854444936,0.21705832650621026,0.0,-3.3295996123956235,1.6194966564243534,5.310560427457953,0.05579493332699189,0.07441822114906911,0.0,400.8812379778359,401.2515629620561,402.00428395122003,399.6037251657338
3.3800000000000026,-3.3958905653793234,1.7770910842312768,21.960774443571957,0.10350303169559272,0.2186462028713274,0.0,-3.3667795942517955,1.6352796961320542,5.2731386923692956,0.06437838178733342,0.0843694153626461,0.0,406.1063820194575,408.7809185095881,406.2756804177976,408.5809080984028
3.4000000000000026,-3.4637399057708818,1.8100207487321611,22.066483357316457,0.10475897675282742,0.2203372061353308,0.0,-3.4181544449040384,1.6576867539563866,5.297752682080696,0.061216123936141946,0.08473091103769928,0.0,467.8413964010777,467.931280066782,468.4691960126604,467.73362129378273
3.4200000000000026,-3.5325578718860275,1.8433715629586163,22.172402393798134,0.10606213634318529,0.22192198605891544,0.0,-3.4636421666105552,1.6773946686891315,5.294150966086796,0.06909983509968792,0.07374708132077207,0.0,443.1457792931298,440.43419789914805,441.21476927253445,443.1662093999351
3.4400000000000026,-3.6022620415701816,1.8771060268091833,22.278128062483212,0.10748968664381398,0.22338438393304916,0.0,-3.5067748018048763,1.6960517163675561,5.27841590242077,0.07365519496316955,0.07249270609262322,0.0,430.4162310878767,430.10199559657997,429.8056070611372,430.9663139858471
3.4600000000000026,-3.6728868429672166,1.9112417991409218,22.38377709314901,0.10894487871183145,0.2247387075217393,0.0,-3.555705337898614,1.7175255168063077,5.286487164159017,0.07186401183859009,0.06293965277642793,0.0,455.36100220674894,453.0660856980864,453.0907432064743,452.6625495395667
3.4800000000000026,-3.7444548827815582,1.9457913122431103,22.489417371041807,0.11043302830031365,0.2260101125775229,0.0,-3.6010986435355363,1.7374257934125357,5.277540625120627,0.07695094700965538,0.06420085280191135,0.0,437.59231358320653,437.9101630489688,436.6996762141547,437.97512921755794
3.5000000000000027,-3.8169424958904368,1.9807455096444981,22.594914701954547,0.11198252955680577,0.22735154115083755,0.0,-3.6476626673523405,1.7579939467262309,5.2721924661535535,0.07799917863959044,0.06994200452954324,0.0,440.6696746388966,442.0944591076929,440.99363840624727,441.2581108620601
3.5200000000000027,-3.89030254421444,2.0160837734457475,22.70003688528264,0.1136127244478553,0.22874485627440144,0.0,-3.6883421650479753,1.7758324333986892,5.240025866655866,0.08502031046533175,0.069389507826816,0.0,414.2409399698238,414.0992422049105,414.06482274323827,415.91946722789174
3.5400000000000027,-3.964568448180904,2.051824698404693,22.80489535635328,0.11528441267876044,0.23020377364544942,0.0,-3.7382482315984045,1.7982600624958613,5.245821240408313,0.08214851262514916,0.07650222927796085,0.0,451.5695476313212,453.291470737009,452.24670635895166,451.5578989695589
3.5600000000000027,-4.039798882883398,2.0879989895026996,22.909710211388237,0.11694876976622037,0.231693014450018,0.0,-3.7847952386510153,1.8191690473048057,5.235664263087115,0.08428719612083287,0.07242185117885985,0.0,438.26572696037294,437.2516152071671,436.2463653345418,436.78750276346966
3.5800000000000027,-4.115942525411381,2.124583773799721,23.014230984847508,0.1186996671851972,0.2331324472123395,0.0,-3.8295690141472623,1.839309382397315,5.216413082840209,0.0908025457768272,0.07152142505330453,0.0,427.97792625400353,427.75217273965416,427.93188571631384,429.59894530792786
3.6000000000000028,-4.193066838122344,2.161615025729618,23.118707671861344,0.12058152815685386,0.23446741358452705,0.0,-3.882862256949073,1.863815810592353,5.231255618543547,0.09738355138883327,0.06197521216541714,0.0,462.9694996901624,460.71395946592935,460.2169494192897,461.7838786182792
3.6200000000000028,-4.271219282252794,2.1991192719142227,23.223307690194762,0.12248706814891808,0.23571214007422991,0.0,-3.9323821560959082,1.8866088078681051,5.228746214797968,0.09317044781758514,0.062497436804901524,0.0,445.07349215035026,445.20447658809,446.2815557207181,445.2565747359606
3.640000000000003,-4.350383831225305,2.2370921858309636,23.32793228556716,0.12438086387950609,0.2369322798640745,0.0,-3.9840727411552166,1.9106825838059807,5.233713322441788,0.09620912524121865,0.05951654217954156,0.0,453.3305657971095,452.61400589469696,452.53935533578226,453.2798530384269
3.660000000000003,-4.43063919901933,2.2755776864968857,23.432875304400035,0.1262932310971081,0.2382159814485627,0.0,-4.0414640382472635,1.9378674827862452,5.2605885608456076,0.09502759651902738,0.06885361626924787,0.0,473.039813446344,475.1945999015221,473.4677055717205,473.2021436419717
3.680000000000003,-4.51194226658665,2.3145569715810095,23.537929775621418,0.12821286858794423,0.23955219388948645,0.0,-4.088842718484773,1.9600610256261506,5.244858561292812,0.09693615256462061,0.06476762782309864,0.0,434.0378089987518,433.0113117419823,434.02794790221225,434.51623413786916
3.700000000000003,-4.594147184235869,2.353957631416551,23.642469059491436,0.13004749100144508,0.2408358430589601,0.0,-4.131649046437103,1.9800049579279686,5.209069825708678,0.08652608878545731,0.06359728912424893,0.0,413.4957947001183,413.18972666518283,415.3206707103611,412.58057277726147
3.720000000000003,-4.677373366208893,2.3938454360867736,23.746945874597017,0.13173946526652536,0.2420737816743177,0.0,-4.190969150865336,2.0087755090943173,5.238611684849261,0.08267133772254157,0.06019657241148361,0.0,478.1226525663044,477.34723439428495,476.602769073721,475.723558399196
3.740000000000003,-4.761760203676403,2.434296439718528,23.851893427276234,0.1333437613213091,0.24319916145523202,0.0,-4.247714595885595,2.0363248540811587,5.256143583072502,0.07775826775584568,0.052341405679962504,0.0,468.4162604944774,466.58206492870454,466.35487839520357,465.20716144655523
3.760000000000003,-4.8472797780269845,2.4752985339066527,23.957167827358436,0.1349595215943209,0.24431729521309453,0.0,-4.304242839172549,2.0638845647313073,5.271296425147575,0.08381775954533537,0.05947197010632047,0.0,464.2305660582184,465.9080754767628,464.19130557293835,465.6204575118188
3.780000000000003,-4.933902196593162,2.5168381053420013,24.062620128218388,0.13659007922175181,0.2455102180037736,0.0,-4.357999017445178,2.0900725788035843,5.273933660847416,0.07923800319773593,0.059820308961570465,0.0,453.6180980655569,453.70443156712406,454.37192801642476,453.27446006885265
3.800000000000003,-5.0215333698214275,2.5588664100225436,24.16784779300207,0.13810108358631545,0.24666334616087404,0.0,-4.405118305381379,2.1127578892506427,5.248832817521252,0.07186243325859945,0.055492506748431716,0.0,427.33671287609644,426.230962562224,427.9409431066143,426.0581795662677
3.820000000000003,-5.110165978907504,2.6013812768492697,24.272792462103133,0.13956809569125284,0.2478311021566464,0.0,-4.4581426032262,2.1387287934219676,5.245634092585011,0.07483877723511985,0.0612830928288128,0.0,447.3825322198144,448.79711320816943,448.7873032265223,449.5155424537347
3.840000000000003,-5.19982111808756,2.6443953122301807,24.377510094210095,0.1411000510892091,0.24908217858345516,0.0,-4.5073713147794745,2.162674744669149,5.226129118111065,0.07835676256053818,0.06382454985205811,0.0,433.4378916085497,434.08111846989,431.6655781111211,432.56004799334914
3.860000000000003,-5.2904201693879465,2.687866284054495,24.481665058230817,0.142725265671225,0.25032512753012703,0.0,-4.552533815259128,2.184422437762283,5.189367283961154,0.08416469564106605,0.06047034481517773,0.0,415.17477553821857,414.29401726441773,415.4109583528302,416.9417667169019
3.880000000000003,-5.381938937165696,2.7317818602224766,24.585135155918557,0.14438434308725245,0.25156433007351353,0.0,-4.599342962515784,2.2071351790358684,5.157642484812792,0.08174304596169205,0.06344990952344137,0.0,419.34361367178565,420.12239028112253,421.8072932376903,421.1854942461809
3.900000000000003,-5.474510907521063,2.7762177630960325,24.68840765462962,0.1460923894579622,0.2528307408132626,0.0,-4.657854073020952,2.2364551083197126,5.169607386293628,0.08906159110927808,0.06319116445150258,0.0,464.2743814002622,464.2162001496248,461.91919368928114,463.6528550339956
3.920000000000003,-5.568098393610074,2.8211538895423556,24.79131073856433,0.14784948212126992,0.25410791919065545,0.0,-4.700894535880116,2.257157536312594,5.120701007177023,0.08664767522151598,0.06452667328781202,0.0,402.188880793194,402.55504702294394,404.156860260586,403.51093983919037
3.940000000000003,-5.662654562359876,2.8665657015619894,24.893633429847068,0.14956566921190806,0.25545518968302616,0.0,-4.754722339100091,2.2840236656508006,5.1115681210964485,0.0849710338422784,0.07020037594929211,0.0,442.36708409816947,443.76986411205627,444.5634422044269,444.1572166608655
3.960000000000003,-5.758387368876179,2.9125725882523668,24.996136624053726,0.15128600815545923,0.256925890676337,0.0,-4.818558312530218,2.316665003386934,5.138751299569341,0.08706286051287665,0.07686972338176164,0.0,477.62602791279755,479.1532161229508,477.9259935979724,478.40952279328275
3.980000000000003,-5.855274097098402,2.9591626466972722,25.098702511542914,0.15308447509395418,0.2585389166522658,0.0,-4.870114509692115,2.3423408411036153,5.117837449349483,0.09278383333662565,0.08443287421112262,0.0,432.5295407974817,434.4414993482533,432.10227769789105,433.55355915719775
4.000000000000003,-5.953137977833633,3.006235461616282,25.200631557263804,0.15504370783666488,0.26026818768275817,0.0,-4.916273563830957,2.364940650797373,5.075067122739765,0.10313944093445036,0.08849422883815139,0.0,409.712487169358,410.801095055532,410.0230687316423,412.7825810025328
4.020000000000002,-6.051937399314614,3.0537677450795147,25.301734978768593,0.1571150783438533,0.26210394584228425,0.0,-4.963668584267147,2.388287695525898,5.03527502773894,0.10399760978435486,0.09508158711445204,0.0,412.8975944988274,414.6449818956301,413.95438703490964,414.1910323985525
4.040000000000002,-6.151829455837851,3.1018517630096345,25.402558497878196,0.159266005510859,0.2640476056399468,0.0,-5.025537068056572,2.4201140974860658,5.0470768832214254,0.11109510691622652,0.09928439265179044,0.0,464.848408890838,465.84283428505705,464.0508926861579,465.7285417307952
4.060000000000001,-6.252863656256644,3.150517291967022,25.503248620351286,0.16150596028439868,0.2659667454002612,0.0,-5.077882973822691,2.4464387982527076,5.021935364087647,0.11290037043772731,0.09262958337966946,0.0,430.93526365365767,429.2527926322386,429.25698560036966,429.72783263678053
4.080000000000001,-6.355032969667708,3.1997620144275025,25.603736874528156,0.1636969417654317,0.26780481415818347,0.0,-5.139048367283709,2.4780334477953536,5.026890053599437,0.10619777766558745,0.09117729241259594,0.0,459.58981603846854,459.25121809697987,460.54974528023683,458.9671076379615
4.1000000000000005,-6.458440694017839,3.249648485274487,25.704358179298126,0.16583213986382628,0.2696299675436853,0.0,-5.201724067729377,2.5106136369030816,5.035240423397341,0.1073220321738406,0.09133804613756402,0.0,463.7010270187682,463.74551709501833,462.9756093113611,463.25033527913354
4.12,-6.5631054428854965,3.300189423653074,25.805138532788114,0.16798837180312187,0.2714230446552035,0.0,-5.264750819036378,2.5434802009556448,5.042794925601645,0.10830116175570353,0.08796966501421828,0.0,462.85452666644375,462.0650398782251,464.07155866720706,464.3116933951682
4.14,-6.669042022433291,3.351395272281837,25.906089793125492,0.17008243141201262,0.27309387493221227,0.0,-5.328907135743023,2.5771046619206732,5.052331108135997,0.1011047991333602,0.07911336268666211,0.0,467.152245761402,465.0814604014047,466.4245519937336,464.74480392049253
4.159999999999999,-6.776191834329308,3.403232150009932,26.006966379382266,0.17203821667861519,0.27474977606819717,0.0,-5.386074053858692,2.6065831108888227,5.035327517541384,0.09447372752694125,0.08647675091180697,0.0,440.5183598213615,442.34674081796317,441.16324874095847,439.52614226221186
4.179999999999999,-6.884627345667579,3.4557452783212477,26.107982922456454,0.17395078428691324,0.27637256777165486,0.0,-5.457477079968411,2.644729720242759,5.066326789877411,0.0967830333028219,0.07580241943395483,0.0,488.1256931788316,485.73503629025396,486.0633451843607,486.5890981235511
4.199999999999998,-6.99438953129128,3.508960000417392,26.2092468914629,0.1759318643647827,0.2779609569995376,0.0,-5.518741482401684,2.6767424893716365,5.060070110767228,0.10132497448407801,0.08303650335431949,0.0,451.9448838799105,453.6955395310606,452.15754041117117,453.2620093831503
4.219999999999998,-7.1053302681101504,3.5627866572821913,26.31020656694278,0.17790995651015784,0.2796544248246855,0.0,-5.575332199485299,2.7059231971082887,5.035897437220932,0.09648424005345581,0.0863102791604542,0.0,434.7640900402323,435.5921799194147,436.53161334544455,435.326901139659
4.2399999999999975,-7.2174397127746674,3.617219684890873,26.410791836085526,0.1797930205198126,0.28146466937178793,0.0,-5.635612266966392,2.7373795637598355,5.022629477053639,0.0918221609119785,0.09471417554976855,0.0,446.0250592889593,448.08596302388304,446.9253543191635,445.7915656527707
4.259999999999997,-7.330686164894431,3.672239168970906,26.51085950438134,0.18169525386018393,0.2833280241216629,0.0,-5.689032945009913,2.764568844243492,4.984137352527469,0.09840117312514535,0.09162129943774762,0.0,421.37188033447006,420.57694057371805,421.3611406657026,423.0720105529897
4.279999999999997,-7.444977823011131,3.727787558106245,26.610061592850155,0.18369099697728597,0.2851055285219788,0.0,-5.740132866660066,2.790270069290382,4.936071494353784,0.10117313858504373,0.0861291405938102,0.0,412.60173011700937,411.15189283250334,410.9310434952932,411.6769130912457
4.299999999999996,-7.560434751154219,3.7839388939873517,26.708766666728536,0.18564533627582058,0.286716965811749,0.0,-5.805559947648747,2.8248635188202904,4.934435893484416,0.09426079126845091,0.07501458838325112,0.0,460.1770419582788,457.5352403826495,459.20338966353694,457.5635713840923
4.319999999999996,-7.677213826554263,3.8407906683085127,26.8074658890446,0.18761011129682714,0.2882533172002759,0.0,-5.872347592355732,2.8603139132957875,4.935486338121969,0.10221671083216669,0.07862055046940736,0.0,461.28862098457773,462.14647403754265,460.9321315091762,462.8221230531242
4.339999999999995,-7.795211407245522,3.898277833162619,26.905779411401685,0.1896657055015556,0.2898856400548233,0.0,-5.927410476770044,2.888402572114843,4.895865897586479,0.10334270964068629,0.0846117349853008,0.0,421.1364411028086,422.6939548232528,421.5539018553159,421.85545194921065
4.359999999999995,-7.914415102638944,3.956392821119554,27.003629418587266,0.19185607686230277,0.2915468524527709,0.0,-5.992959062572197,2.9230962235786158,4.889134820971519,0.11569442643403445,0.08150950480945407,0.0,456.27359112926604,455.53547024421215,452.76815473146536,455.74936431712285
4.379999999999995,-8.034826016069825,4.015136010636778,27.10098674119515,0.1942696747575834,0.2932433564254584,0.0,-6.048132280515879,2.9512227281437924,4.846597439816983,0.12566536309403217,0.08814089245929585,0.0,418.9432987254549,420.67580799501167,417.81198889040655,420.4253949664449
4.399999999999994,-8.156442063818984,4.074506892354889,27.197807057172344,0.1968303785909713,0.29503130646750275,0.0,-6.113472494400024,2.9858654436673358,4.835434157902418,0.13040502024477185,0.09065411174514895,0.0,451.00001472802325,451.61504621294057,451.0917219968341,452.2528454856199
4.419999999999994,-8.279352238138497,4.1345631251211605,27.294343876426247,0.19934967292555772,0.2968649579705316,0.0,-6.177544937551357,3.0197578329598027,4.818247767487621,0.12152441321385626,0.09271103855773857,0.0,445.7752183579673,446.286163015534,447.3078264948425,445.1479285993884
4.439999999999993,-8.403538011573515,4.195293800556945,27.390499041387933,0.20182178451953892,0.29875002441820886,0.0,-6.2410324059504205,3.053309710618544,4.797268728681066,0.12568674618428488,0.09579560621000044,0.0,442.62032125408894,443.3887053351782,442.20609602625353,443.24718338659187
4.459999999999993,-8.528990622651715,4.256693744497223,27.48620614762426,0.20443987925095097,0.30072437044504685,0.0,-6.304228701869542,3.0866846834093478,4.7734418949517385,0.13612272695689018,0.10163899647381874,0.0,439.61506991103363,441.07352541554496,439.324179279564,441.927644043282
4.479999999999992,-8.655712452753653,4.318764850069639,27.58143387786686,0.20713640843779757,0.30274006768387807,0.0,-6.367954308324236,3.1204258738322483,4.749331129308657,0.1335301917278152,0.0999307274093138,0.0,440.9247677635302,440.5101097862986,440.9450252975637,440.31918163218626
4.499999999999992,-8.783666892839342,4.381483410706841,27.676028308755416,0.2098009639837084,0.30475271675762006,0.0,-6.427489700244779,3.151430189887937,4.710111959546955,0.13292536286328716,0.10133417996485454,0.0,426.2514889492245,426.62031503849374,424.9181371779251,424.7798371862927
4.519999999999992,-8.91296925101646,4.44492606281209,27.770308527388003,0.212397666716579,0.3068500928461244,0.0,-6.5027461174669465,3.192835020637,4.7179099037118375,0.12674491042378974,0.10840342888559494,0.0,471.5335755756798,473.1776708371956,473.5317446663222,472.1180551076936
4.539999999999991,-9.043652186439346,4.509114083447743,27.864337716345542,0.2149510394630889,0.3090915016857254,0.0,-6.565547424821589,3.225967042928307,4.685008992041972,0.1285923642272335,0.11573745507451579,0.0,433.0598542613871,434.91776921032005,432.6945380472285,433.1761087534562
4.559999999999991,-9.175607722502347,4.573975237955916,27.957739344674387,0.21747079024782945,0.3114587439214791,0.0,-6.63000618147854,3.260148407888994,4.655153840842394,0.12338271424678539,0.12098676850084016,0.0,435.709075410186,437.0362684260935,438.29376735341987,437.00796410144824
4.57999999999999,-9.308751247724633,4.639451390913995,28.050215852659605,0.21996756859209565,0.313866434965397,0.0,-6.684346340750003,3.2874668879188125,4.592496957679268,0.12629512017981798,0.11978233589092432,0.0,402.7557920620221,402.4436396810179,402.10307170058627,402.90957932932116
4.59999999999999,-9.443024817356214,4.705501790282677,28.141550772347944,0.22239989524888948,0.3163080397125526,0.0,-6.743010622407981,3.317573048949382,4.540995011154601,0.11693754549961125,0.1243781388246708,0.0,414.30360033311155,415.5284503593172,415.88759336296107,413.43652257603713
4.6199999999999894,-9.578584929968684,4.772229320829378,28.232173589408,0.22465967153008481,0.3187739757342287,0.0,-6.813000638838997,3.355180005720726,4.521286694850786,0.10904008261989276,0.1222154633429761,0.0,448.5998268461956,448.0864474276255,448.7208619042747,446.80504287369786
4.639999999999989,-9.71550003477741,4.839677186925289,28.32224743528353,0.22692090734842285,0.3212981198192635,0.0,-6.878509842033509,3.3896066038703423,4.486097892702448,0.11708349921393871,0.1301989451604678,0.0,432.54182508787574,434.5686073477681,431.306651053163,433.35122176860193
4.659999999999989,-9.853755798489939,4.907832445736633,28.411685360942336,0.2292851859130014,0.32381370689043454,0.0,-6.947066529219426,3.425919277264171,4.457694673178309,0.11934435724390687,0.12135976195662736,0.0,440.87867322673526,438.6973943090428,440.7339708620411,441.30674539070856
4.679999999999988,-9.993418607319896,4.976736685107201,28.500637458205134,0.2315837500342255,0.32631213246224444,0.0,-7.019214353776295,3.464504659792587,4.437515053101457,0.11051205487850056,0.1284827952243597,0.0,447.73349315123886,449.4822784002468,451.09585732811263,448.9631619229558
4.699999999999988,-10.134508021421832,5.046399812065107,28.589116344438402,0.2337757038632411,0.32886354317900146,0.0,-7.089727056417286,3.501808035998049,4.4103735702254205,0.1086833280230713,0.1266582764513155,0.0,443.67178762910663,443.2371741041933,442.7638934292398,442.3230436506622
4.719999999999987,-10.27706519981311,5.1168459706156835,28.677194137129256,0.23607246043280217,0.3313414725737962,0.0,-7.16599078271051,3.542807819059603,4.397405698859733,0.12099232893300176,0.12113466302817753,0.0,458.0763917280179,456.77054768459544,456.7785205564778,459.7246665829494
4.739999999999987,-10.420987566806327,5.1880014688033524,28.764537020494153,0.23861094228454416,0.33378157203483383,0.0,-7.226245916611086,3.5727419997072825,4.336882637630081,0.13285585624117677,0.12287528307555896,0.0,408.1793951167816,408.65994750808125,408.1578671579054,411.3374767646858
4.7599999999999865,-10.566332341158907,5.259902088448141,28.851259360474454,0.24119215794354343,0.33627775174014296,0.0,-7.308231518646885,3.617319964771515,4.335351360399921,0.12526570965878106,0.1267426874553755,0.0,469.5867972213955,470.4989317199035,470.92484901208235,469.17497426858165
4.779999999999986,-10.71322382333792,5.332629340164821,28.937668383160382,0.2437512587830888,0.3387532104390498,0.0,-7.380916699254333,3.655405206896464,4.305550908192692,0.13064437429577966,0.12080318243534297,0.0,443.6876214828793,442.2366048879102,442.4126551940998,443.753927055448
4.799999999999986,-10.861601446443,5.4061388704196975,29.023548924063295,0.24641660612996308,0.34123853347367117,0.0,-7.456845611253724,3.6955478185913093,4.2825031820985915,0.13589036039166963,0.12772912102680603,0.0,449.8157523789682,451.5086281008971,449.81239585356286,451.1008232170066
4.819999999999985,-11.011337905112102,5.480340029133949,29.1085097941501,0.24925043147500503,0.343806253087398,0.0,-7.516800255656417,3.7245680528338174,4.213583826581817,0.14749217411252186,0.12904284034591204,0.0,402.525350308378,402.8987084776104,400.58040269078157,403.7532047620906
4.839999999999985,-11.162317036134908,5.555149888154972,29.192191318557207,0.2522288161977473,0.3464141789171853,0.0,-7.581112846624189,3.7564178492685403,4.154568614129116,0.15034629816171713,0.131749742632811,0.0,413.38130768551633,414.11308032663067,413.1084003024833,413.885118989405
4.859999999999984,-11.314604161508193,5.630610213059732,29.27473086283521,0.2552356408963625,0.3490529481983877,0.0,-7.6475996907041806,3.7896146412075766,4.099385813671382,0.15033617169976707,0.13212718548744476,0.0,417.952336802476,418.0681882172573,418.27467760462895,418.2948388047445
4.879999999999984,-11.46841243661436,5.7068656489501866,29.35665513584689,0.2583782668387862,0.35179820078886337,0.0,-7.733227819912582,3.835928947837863,4.093041487496491,0.16392642254257622,0.14239807356013381,0.0,467.89983846983426,470.30816142691225,467.1143841846796,470.3037784796142
4.8999999999999835,-11.623930004081403,5.784043955265951,29.438418451040206,0.261520377400811,0.35470668931584015,0.0,-7.818528926791681,3.8819016837386195,4.083290031835349,0.15028463365989048,0.14845077913755333,0.0,466.1125399242676,467.5476256230683,468.232789488033,465.0614901037554
4.919999999999983,-11.781338561024683,5.8622693640081325,29.520443253988326,0.2647141038989549,0.35774634721565324,0.0,-7.922326767536266,3.9406391904795,4.119190262976524,0.16908801615445673,0.1555150108437532,0.0,510.0554738886672,511.5846260695727,508.64919228843183,512.6919607993393
4.939999999999983,-11.940474796643237,5.941424461907533,29.60225574502774,0.268062890622641,0.3609866268698161,0.0,-7.991296794319208,3.9748705994606093,4.062058840964915,0.1657906562141142,0.16851295457255155,0.0,419.7504027665651,423.1461556008482,420.57530937300874,419.74660480287497
4.959999999999982,-12.101230861674942,6.021430876124223,29.683517287601603,0.27139734768975554,0.3643624572628328,0.0,-8.084309708851324,4.025770822208266,4.0640954164214715,0.16765505049734838,0.16907008472915255,0.0,481.9823774478714,482.1334637730272,481.29156504336584,481.7387323096011
4.979999999999982,-12.263647712644248,6.102313172339995,29.76428633285784,0.27481843053363697,0.3677076970828459,0.0,-8.157375388079316,4.062458799369025,4.012809109202111,0.17445323389075787,0.1654538972721814,0.0,429.59733838403963,428.7046951433976,428.4863612063906,430.24513626309994
4.999999999999981,-12.427616441347388,6.183990899394907,29.844232533215045,0.2782763489239235,0.3710052361076883,0.0,-8.239497482234558,4.105313906122091,3.981810926518783,0.1713386051378933,0.1643000052120403,0.0,450.9178701538764,450.6637724063015,452.1896102127283,451.46480263877
5.019999999999981,-12.593216823910469,6.266516124392492,29.923506701036516,0.28173562199564106,0.37422763899500655,0.0,-8.320540774073566,4.147208593636393,3.9456058556282487,0.1745887020338376,0.15794028351975534,0.0,446.9379572206619,445.40542617690437,447.4136209793721,448.234896338657
