time,x,y,z,phi,theta,psi,x_velocity,y_velocity,z_velocity,phi_velocity,theta_velocity,psi_velocity,rotor_speed1,rotor_speed2,rotor_speed3,rotor_speed4
0.02,0.0,0.0,10.00045487937319,3.228140824251824e-05,3.122031019131555e-05,0.0,0.0,0.0,0.045487937319087964,0.00803509903388012,0.007901937761217413,0.0,446.685661532432,448.6143195088731,448.000756475814,449.9561129562649
0.04,-6.780254889030148e-08,7.01069830988507e-08,10.001574383000015,0.0002018841096917967,0.00020219585051872713,0.0,-6.780254889030149e-06,7.01069830988507e-06,0.06646242536348049,0.01225427449171432,0.002815330816906497,0.0,425.78027200012633,424.47287054401113,424.28180868391155,425.3668202178921
0.06,-7.327809520697106e-07,7.388780681532711e-07,10.003559752926884,0.0004522466706431416,0.0002661945181525738,0.0,-5.9717585428910764e-05,5.986641019555698e-05,0.13207456732337813,0.009005560556185083,0.00673758815061516,0.0,466.1224459062215,467.0408699982414,467.02427970167474,466.26349521494836
0.08,-2.6181568660779726e-06,3.1102100762952596e-06,10.006835180961009,0.0006337155434810171,0.00042738799663144533,0.0,-0.00012882000597191543,0.00017726679061864188,0.19546823608889147,0.007357736710088744,0.014009687636557881,0.0,463.9366903599577,465.6460666746735,464.69201437177514,464.30428317794565
0.1,-6.1577734686118005e-06,8.083768423050834e-06,10.01103627351182,0.0008333016487078737,0.0007078824728461441,0.0,-0.00022514165428146735,0.0003200890440569155,0.2246410189922182,0.017597987783646046,0.014785217756088702,0.0,432.24704469043616,432.4429289846194,432.2844484710682,434.86488953742725
0.12000000000000001,-1.2500403551802003e-05,1.665131187628504e-05,10.016166107290594,0.0011971843582960773,0.0010077028048902648,0.0,-0.0004091213540375529,0.000536665301266505,0.28834235888514015,0.01271476058932007,0.01191607958497835,0.0,464.26911043061733,463.59327888399065,466.5428869947901,465.3977750467973
0.14,-2.2824243448474484e-05,2.9928685649670804e-05,10.022095996179795,0.0014645694731267866,0.001252222861295671,0.0,-0.0006232626356296952,0.0007910720760720711,0.304646530034866,0.007598140016279691,0.015437006936168373,0.0,420.253040056875,421.16734043601485,420.8887234052395,419.5582460912161
0.16,-3.803221989250054e-05,4.895794662752783e-05,10.028417207103454,0.0016192008381281653,0.0015612321462548095,0.0,-0.0008975350087729102,0.0011118540217136316,0.3274745623309027,0.005287917223745423,0.016170691113627393,0.0,427.9540476708739,428.1412363431138,426.0054058403751,425.4123550261911
0.18,-5.927370215196891e-05,7.460798969977275e-05,10.035112504311108,0.0017545189762095958,0.001891571863502861,0.0,-0.0012266132171739272,0.0014531502855108613,0.3420551584345785,0.012976843495593443,0.01989249040299151,0.0,418.88964632828606,419.85923618942934,417.1871404270687,419.1959599255322
0.19999999999999998,-8.874985932360259e-05,0.00010825666846939525,10.042605242153002,0.002029156899357787,0.0022898870223277967,0.0,-0.001721002499989442,0.0019117175914513892,0.40721862575476764,0.018472487813869648,0.01892776166941305,0.0,466.716929052844,466.49097264335853,465.39108681402865,466.67941520578415
0.21999999999999997,-0.00012759888469325277,0.00015041568825532615,10.050721751884126,0.0024036095581001504,0.0027112171368495197,0.0,-0.0021639000369755744,0.0023041843871416997,0.40443234735769623,0.02163568318102569,0.009678450221162451,0.0,402.5261997536205,400.00765149456845,400.7648112676072,401.6262699722306
0.23999999999999996,-0.00017813183919779033,0.00020293116726183088,10.05952428553985,0.0029188162239393023,0.0029048408188350194,0.0,-0.0028893954134781817,0.0029473635135087743,0.47582101821464057,0.008790995390464294,0.010009139084075122,0.0,471.7060821467265,471.78254506956324,473.5016818468967,470.5283595967303
0.25999999999999995,-0.00024171565621263576,0.00026770218495579393,10.069073946912164,0.0031018932672433053,0.003156915898252066,0.0,-0.003468986288006361,0.003529738255887536,0.47914511901694073,0.0049812354257476096,-0.00017833339295557707,0.0,408.84227329832856,406.11042151950835,408.18912892375835,407.16794788223746
0.27999999999999997,-0.0003163590877260021,0.0003434688522408047,10.078362187250557,0.00321060318240729,0.0031544238472704933,0.0,-0.003995356863330269,0.004046928472613539,0.4496789148222389,0.0007185586495415362,-0.001644359912146612,0.0,372.7442493943926,372.3142639406784,373.3566738837477,372.10701487954213
0.3,-0.00040180772949999975,0.0004300475293660938,10.087150481806514,0.0032548819290090236,0.0031549168344433554,0.0,-0.004549507314069499,0.00461093923991537,0.4291505407734417,-0.007015466642782262,-0.009815061891222769,0.0,384.34021765425126,382.0103544367949,382.8162041919682,380.6023390808717
0.32,-0.0005001937219167287,0.0005298963685692209,10.09611568640587,0.0031148918201715503,0.002984903928117788,0.0,-0.005289091927603402,0.005373944680397343,0.4673699191620519,-0.006216437209364406,-0.0025640851986044088,0.0,440.8198568276288,442.6135779414989,441.5979442232348,441.79571014602175
0.34,-0.0006132746250576567,0.0006449920142565749,10.105946369256513,0.0030085919932121286,0.002960985085933565,0.0,-0.006018998386489401,0.0061356198883380526,0.5156983659022288,-0.0002116196054858157,0.004833598464218282,0.0,450.13704288880547,451.9291890582891,450.5486141586544,452.002606610506
0.36000000000000004,-0.0007417117610429295,0.0007758909006921906,10.117019396335287,0.0030069108139798573,0.0030857540415540896,0.0,-0.006824715212037879,0.006954268755223529,0.5916043419751615,0.0020472353601382665,0.012329862378507533,0.0,475.57988988969987,477.29894033672537,475.17168798365503,475.69082099458694
0.38000000000000006,-0.0008860143469512375,0.0009225847843494723,10.129419856279315,0.0031077127411842653,0.00337656692990862,0.0,-0.0076055433787929165,0.007715119610504633,0.6484416524276361,0.012988644775913383,0.002926071570049123,0.0,459.66286418260074,457.4219538970491,458.25429844497467,460.85568592161627
0.4000000000000001,-0.0010478633919683337,0.0010858496495090527,10.143310672232994,0.0033958660355475345,0.003472428677278927,0.0,-0.008579361122916707,0.008611366905453402,0.740639942940261,0.02052262099634837,0.011567867213214771,0.0,489.30333443956624,491.2292419404637,489.0839518669571,490.7640609097605
0.4200000000000001,-0.001228421818576475,0.0012668500096588385,10.158744952183957,0.0038135472371889634,0.0037047270299312984,0.0,-0.009476481537897404,0.009488669109525172,0.8027880521559099,0.024324931271476027,0.010196001047857088,0.0,464.0574619991684,463.73420661491224,463.6866994649637,464.58178874638503
0.4400000000000001,-0.00142707485142596,0.0014660143309591035,10.175301270799629,0.004300319529008334,0.003971607152692513,0.0,-0.010388821747051087,0.01042776302050131,0.8528438094113868,0.025064750695364464,0.021417418231462225,0.0,451.69471600426004,454.40095424666924,453.1359967053254,453.3144234396504
0.46000000000000013,-0.0016437084822430784,0.0016841593333641253,10.192626187950863,0.004817545939385326,0.004450200128977677,0.0,-0.011274541334660743,0.011386737220000871,0.8796479057118834,0.03070946441170671,0.01139298691034718,0.0,432.6358422386046,430.0966489649543,430.6225368098677,432.05257497061194
0.48000000000000015,-0.001881734669464744,0.0019254635446896145,10.21107384823903,0.00543807067460822,0.004710239810249206,0.0,-0.012528077387505812,0.012743683912548051,0.9651181231048819,0.034269084332151326,0.003370525559310944,0.0,485.3469824155062,483.5373874054313,484.47517035225496,485.27755117012083
0.5000000000000001,-0.0021427368323675335,0.00219239039934005,10.230630678878038,0.00612518961115871,0.004793961619018461,0.0,-0.013572138902773144,0.013949001552495528,0.9905649407959795,0.03240508330889079,0.009082144871408307,0.0,429.67244111006914,431.1224092798418,430.3199448487693,429.8469070689489
0.5200000000000001,-0.002426509553982383,0.0024871233105420265,10.251051810388812,0.0067937619093454416,0.005017917134332528,0.0,-0.014805133258711795,0.015524289567702127,1.0515482102813976,0.02600654722491982,-0.00011705268987160546,0.0,464.97444088386345,462.8075032482098,463.58468052229443,462.0744382437787
0.5400000000000001,-0.002734262083664243,0.0028133807389710123,10.272442273480397,0.007315097958081829,0.005038070302477493,0.0,-0.015970119709474193,0.01710145327519645,1.0874980988769631,0.024454062611153064,-0.006824395225107592,0.0,440.6029731862989,438.9364362037645,441.3023340784674,440.917907861665
0.5600000000000002,-0.003066617892575808,0.0031742162762993173,10.29480115292403,0.007818464046283502,0.004903838166712582,0.0,-0.017265461181682318,0.01898210045763406,1.1483898454863377,0.029799123130685685,-0.004700357213619581,0.0,462.7677861585751,463.2691459812164,463.2733067141547,464.53233397872475
0.5800000000000002,-0.0034229726134588465,0.0035714669978489932,10.31805915744661,0.008417904832481504,0.004829861847309047,0.0,-0.01837001090662148,0.020742971697333534,1.1774106067715306,0.02716917119796819,0.0016290700698741662,0.0,433.4295120124231,435.02232776425535,434.21086363017065,433.5488382959663
0.6000000000000002,-0.0038022623451429505,0.0040070463171365525,10.342106780667857,0.008979048179088345,0.004862496659793436,0.0,-0.019558962261788937,0.02281496023142244,1.2273517153531581,0.03312902398928987,0.0013022334526921102,0.0,453.7496367267717,453.67088876710756,453.0035963016175,454.43904352649787
0.6200000000000002,-0.004206123579744909,0.0044867613222008985,10.367299641230597,0.00964501280828145,0.004900658509749967,0.0,-0.02082716119840693,0.025156540275012178,1.2919343409206747,0.030527428552794823,0.006225074279441153,0.0,466.63566681147574,467.7869578273422,467.19253964044196,466.5840470984184
0.6400000000000002,-0.004633624607449429,0.005011455146100375,10.393411999065059,0.010297265153033308,0.005036186807418019,0.0,-0.021922941572045017,0.027312842114935423,1.3193014425254608,0.021394655294274676,0.010921202914611574,0.0,432.5974868721821,433.78195258595775,433.56793287935466,431.26045584536786
0.6600000000000003,-0.005083604374210759,0.005581264714592191,10.420123309243905,0.010753313880388582,0.005280218139584569,0.0,-0.023075035104087958,0.029668114734246173,1.3518295753591234,0.013890573542320702,0.018077636925189378,0.0,436.6595561017613,438.44659747694936,438.9863924995538,437.11454874355843
0.6800000000000003,-0.005557629977953952,0.006200130237779873,10.447569567455691,0.011031676579529304,0.005663897159371878,0.0,-0.02432752527023129,0.03221843758452204,1.3927962458195378,0.012840594214325488,0.024729896884499357,0.0,445.2744941916811,446.903897818334,445.6946834743656,445.43707579043166
0.7000000000000003,-0.006058022785088479,0.0068714554109023905,10.475907056299095,0.011295185635099791,0.0061584956473348385,0.0,-0.025711755443221476,0.03491407972772972,1.4409526385208569,0.016500422429964863,0.024696722418496193,0.0,453.6182750123719,453.61036288711256,451.1169514263145,452.00244405869944
0.7200000000000003,-0.006588342372196629,0.0075992323509871664,10.505375456627187,0.011630053154630282,0.006661522404691311,0.0,-0.027320203267593466,0.037863614280747894,1.5058873942882238,0.019617815870339707,0.028961065037625047,0.0,466.84769277860073,467.8447917344135,468.03479683126614,468.7619306832465
0.7400000000000003,-0.007154196584222597,0.008390456293423528,10.536450536899007,0.012025763093578945,0.007240750006826779,0.0,-0.02926521793500334,0.041258779962888174,1.6016206328937923,0.017027981303487046,0.028848803000083224,0.0,495.49093750501464,495.4663282008484,494.11039621211467,493.5372593472025
0.7600000000000003,-0.007757638861101305,0.009245750397115853,10.569025508417173,0.012377541554384308,0.00781982658727376,0.0,-0.031079009752867415,0.04427063040634419,1.6558765189229327,0.021764823022595355,0.030898447088795224,0.0,458.9557120874379,459.4436530958172,457.683953089945,458.81337893021856
0.7800000000000004,-0.008396614336182604,0.010158690815001068,10.602405143560635,0.012818774060042948,0.008440834300958322,0.0,-0.03281853775526254,0.04702341138217729,1.6820869954233015,0.018319233027499368,0.028433179594705447,0.0,432.9274991699075,432.3051653063804,433.26128796157036,432.3914342045271
0.8000000000000004,-0.009072889313157854,0.01112937999296835,10.636442535911215,0.01322091729743935,0.009040051232161339,0.0,-0.03480895994226241,0.050045506414550786,1.7216522396346372,0.026776014548441793,0.02061610350334145,0.0,446.28321254101166,444.3653114644059,444.5466804124618,446.62050092313183
0.8200000000000004,-0.009788770801347657,0.012159096962149616,10.671092590949195,0.013756487347118984,0.00946274611376996,0.0,-0.03677918887671797,0.05292619050357584,1.7433532641635,0.027091478368595462,0.016061367168191544,0.0,429.3284695147455,428.1676312984756,428.37760143844423,428.45825350280785
0.8400000000000004,-0.010551544736167071,0.013257139631805017,10.706870492712516,0.014309593833358392,0.009851675523733228,0.0,-0.03949820460522337,0.056878076461964196,1.834436912168572,0.031840566463687575,0.0044250390016406255,0.0,492.98267868446203,490.39654994140295,490.55206938686734,491.6088914268253
0.8600000000000004,-0.011365998862550767,0.014430263434479756,10.744082561439237,0.014983294154681914,0.009940188950836593,0.0,-0.04194720803314625,0.06043430380550958,1.8867699605034143,0.023251155302296024,0.004584080322494409,0.0,457.4394505309079,457.47735800831293,458.9830952956531,456.93392843077294
0.8800000000000004,-0.012227809074223503,0.015673405807669134,10.782155747068183,0.01545024192912603,0.01004225334483344,0.0,-0.04423381313412739,0.06387993351342834,1.9205486023910976,0.025213127981941363,2.7154264968070642e-05,0.0,441.7601415328183,440.63141869701576,439.9806919200488,440.4677520198671
0.9000000000000005,-0.01313606351019043,0.01698726781071402,10.820951977856533,0.01598041665613259,0.010050585979414883,0.0,-0.04659163046256519,0.06750626679106028,1.959074476443848,0.0180142159297492,0.00397419094634442,0.0,444.6822150467534,445.65107975161504,446.2925017920245,444.5264796570974
0.9200000000000005,-0.014089985130046443,0.0183725008860287,10.860368572208396,0.016345447914673628,0.010133607367096786,0.0,-0.04880053152303611,0.07101704074040771,1.9825849587424362,0.02109542995862511,0.006634104010802437,0.0,430.5363403492522,431.21084833517585,431.0950429041906,431.8753101230963
0.9400000000000005,-0.015087951192785843,0.01982824019890217,10.900224137828461,0.01681213893710254,0.010267122722787292,0.0,-0.05099607475090377,0.07455689054693926,2.00297160326407,0.011631559370277045,0.007925053641362327,0.0,428.1424771846884,428.47173376196633,429.3910956711648,426.9758830985229
0.9600000000000005,-0.01613048032845279,0.02135638002530645,10.940522720738205,0.017064809471386333,0.010442381687020053,0.0,-0.05325683881579058,0.07825709209348874,2.026886687710305,0.01796233292145192,0.0021357719233490603,0.0,432.28478005552887,430.8187439138884,431.1240192945625,432.7255501348602
0.9800000000000005,-0.017216345399018788,0.022955376754484575,10.981082665688957,0.017425699712697806,0.01049119377706198,0.0,-0.055329668240809385,0.08164258082432405,2.029107807364966,0.016149278657077278,-0.0013561191330790424,0.0,410.00158047897804,409.06980216440064,411.51290141844345,411.0311331314164
1.0000000000000004,-0.018347967557045656,0.02462977885085444,11.022087570733069,0.017787698233865612,0.010464716273004271,0.0,-0.05783254756187758,0.08579762881266233,2.071382697046112,0.024982505477055238,-0.00022044435198931246,0.0,448.93887424257775,449.215248282656,448.20398205559525,450.35231909206215
1.0200000000000005,-0.019529074825421426,0.026387277251625898,11.0638892340979,0.018288145679378864,0.010463698227758833,0.0,-0.06027817927569938,0.08995221126448344,2.1087836394371333,0.023719702268184244,0.002383722230340258,0.0,445.21904615676596,445.8577598391311,444.22278534047234,443.91213986415323
1.0400000000000005,-0.020759121437144794,0.02822908487888532,11.106441608813963,0.018765454665063075,0.010511548693376227,0.0,-0.0627264818966376,0.09422855146145889,2.146453832169276,0.02613421684484809,0.0017903909385994824,0.0,444.8374936906269,444.6916677624229,445.34225553774,445.9343786982402
1.0600000000000005,-0.02204027566124868,0.030161156124762226,11.14994034503885,0.019299456021552253,0.010582025014249652,0.0,-0.06538894051375085,0.09897857312623186,2.203419790319339,0.021376692364145914,-0.006536493484918471,0.0,464.0363699909604,462.0712977554454,463.55248532166905,462.42972874655834
1.0800000000000005,-0.023372251118857667,0.03218482408354573,11.194332057471678,0.019727398311645494,0.01045522390333442,0.0,-0.06780860524714792,0.1033882227521179,2.23575145296364,0.0222805096137257,-0.003733367093541177,0.0,440.54208656655715,441.23695477071146,440.13970129876384,440.36404547776567
1.1000000000000005,-0.024755289289716677,0.034303242957531024,11.239653274534303,0.02023743652121901,0.010380979981295724,0.0,-0.07049521183875317,0.10845366464641193,2.2963702532989014,0.03363198681263674,-0.0028131281767526783,0.0,466.48235894291,466.69795083960787,465.36319959560745,468.02112267172544
1.1200000000000006,-0.026190386208043308,0.03652138719579626,11.286043963970554,0.02095468205860218,0.010395310131639413,0.0,-0.07301447999390985,0.11336075918011139,2.3426986903262788,0.04307717618399471,-0.01469527561556573,0.0,455.9050581472613,453.04813225292156,452.3324145686673,454.60891507785334
1.1400000000000006,-0.02767686902767518,0.038841356378913165,11.333453984592982,0.02181624820798511,0.010108092164959004,0.0,-0.07563380196927778,0.1186361591315798,2.398303371916479,0.04286445240575715,-0.018352472802160992,0.0,463.16799262070094,462.3044557386907,462.4716017334292,462.4222832719499
1.1600000000000006,-0.02921229036468865,0.04126311963190642,11.381706471752285,0.0226812623321635,0.009741794606251908,0.0,-0.07790833173206903,0.12354016616774488,2.4269453440138973,0.046795120558474276,-0.019578765863608016,0.0,438.6409117109376,438.3353575891401,436.87069593557146,437.85383852677774
1.1800000000000006,-0.030794021083139046,0.04378872746751258,11.430700185396683,0.02362397577259845,0.009387252738295437,0.0,-0.08026474011297043,0.12902061739287093,2.4724260204258552,0.04310431325766708,-0.010972553071033288,0.0,453.53511425737224,455.6040615773675,453.407764851473,452.51862322080643
1.2000000000000006,-0.03242134827071222,0.04642452047584282,11.480531476084433,0.02448880442338197,0.009184854341696358,0.0,-0.08246797864434703,0.134558683440153,2.5107030483492148,0.0407623544064386,-0.016812529923947626,0.0,448.71441144507816,447.2900412973075,446.93011934195346,446.3581470270915
1.2200000000000006,-0.034091989706041145,0.04917236255968959,11.531098109663597,0.02530982762618006,0.008922800488932126,0.0,-0.08459616488854568,0.1402255249445242,2.545960309567121,0.03736349734297952,-0.02899421664742676,0.0,446.70847409656835,443.71856041875606,444.5759003579464,443.7405373786555
1.2400000000000007,-0.03580600938128814,0.052039467129183746,11.582528922182217,0.026078828483587557,0.008344637925960185,0.0,-0.08680580263615323,0.14648493200489124,2.5971209422949415,0.04395605535145615,-0.027138538886302587,0.0,459.831595345769,460.2721671908507,458.13801548669244,459.7084246664038
1.2600000000000007,-0.037561818927133894,0.0550306163099601,11.634866215162534,0.027024422740872467,0.007810457504026758,0.0,-0.08877515194842195,0.15262998607274414,2.6366083557366773,0.05548628954295153,-0.02299357669273965,0.0,447.7170362517305,448.7274273007645,448.45112458517673,451.25311642073177
1.2800000000000007,-0.039360613794134434,0.058163692867264284,11.688614689659605,0.028139958724700875,0.00735676953871689,0.0,-0.09110433475163231,0.16067766965767408,2.738239093970422,0.05207742082465902,-0.019476882635864334,0.0,503.62548888154475,504.38798884181216,503.37218631870365,502.63330036473434
1.3000000000000007,-0.041200443587991006,0.0614449860859543,11.743825200829988,0.02924310116062223,0.006968078651884646,0.0,-0.09287864463402522,0.16745165221132757,2.7828120230679145,0.040978410109462945,-0.018175524971711238,0.0,453.58160315966336,453.8950720909669,456.4268169827088,453.7633711941147
1.3200000000000007,-0.04307560984164317,0.06486770659927185,11.800039686587358,0.03006741325865292,0.006664531372438276,0.0,-0.09463798073119103,0.17482039912042807,2.8386365526690684,0.03789818419515057,-0.029126618066746254,0.0,465.6605682465393,463.08356832772307,465.64716016444896,464.9245265655178
1.3400000000000007,-0.04498491264113564,0.06843858537660123,11.857327662866156,0.03083905692252742,0.006084069797975822,0.0,-0.09629229921805588,0.18226747861251014,2.8901610752107856,0.04312885909841442,-0.03116170375169764,0.0,461.4258986255321,460.94346241617166,460.69536747788743,461.9350749887904
1.3600000000000008,-0.04692390067039306,0.07215035794064895,11.915323325967842,0.031701646050720456,0.005468358109074423,0.0,-0.09760650370768623,0.18890977779226187,2.9094052349577524,0.04328343092281864,-0.027282944637704955,0.0,430.38167762136277,431.3650667478311,431.97531291576917,432.0155038944854
1.3800000000000008,-0.048887603041045676,0.07599541339623696,11.973659085542145,0.03256771541909842,0.004962733457774426,0.0,-0.09876373335757513,0.19559576776653936,2.924170722472633,0.04238816568636762,-0.03623104403974065,0.0,428.6674694318951,426.3799908061735,427.002098631486,426.77404049873275
1.4000000000000008,-0.05087499277774101,0.07998656374659856,12.032613961235617,0.03341918670872346,0.004251058434842747,0.0,-0.09997524031195894,0.2035192672696193,2.9713168468744935,0.045111390207967624,-0.04131943432804544,0.0,458.9008813162217,457.68700712552675,456.8662925144544,457.5181335852765
1.4200000000000008,-0.05288379364220617,0.08412969617551015,12.092255755057899,0.03432959037710592,0.0034338061585827973,0.0,-0.1009048461345567,0.21079397562153948,2.992862535353705,0.04915511725684661,-0.045594106315672275,0.0,433.86748330344477,432.7884940312613,434.3956385371064,435.4129599863969
1.4400000000000008,-0.054909998703490635,0.08842619879126805,12.152500113860297,0.03531455735396083,0.002523046484704139,0.0,-0.10171565999388954,0.2188562859542504,3.0315733448862354,0.047223987163994945,-0.044095805655116053,0.0,450.88527726322786,451.24709518979625,449.9551771832046,449.48738610871254
1.4600000000000009,-0.05695006151271267,0.09288317005535299,12.213431212895939,0.0362612117220964,0.0016415148983650596,0.0,-0.10229062092831354,0.22684084045424327,3.0615365586778713,0.04513850167831337,-0.043218848685682335,0.0,442.6160827956668,442.8314416814877,442.4580404504389,441.94400468724797
1.4800000000000009,-0.05900039253270717,0.09751878015916735,12.275424902495834,0.0373021773230553,0.0008242229607446916,0.0,-0.10274248107113645,0.2367201699271923,3.1378324013116234,0.061763517010187015,-0.05292297524022439,0.0,485.26127326062664,483.07010778341277,482.44280975614487,486.19501120612347
1.5000000000000009,-0.06105725830063203,0.10234229963551687,12.338609199432645,0.038553527031893076,6.282968468457264,0.0,-0.1029440957213495,0.24563177770776015,3.18059729236944,0.05609264959261433,-0.047024192020336024,0.0,454.1389463388894,455.5544297603915,455.7364262730039,454.3772086789595
1.520000000000001,-0.0631157194698338,0.1073382547122194,12.402420976860848,0.03967889249960521,6.282032147249707,0.0,-0.10290202119882744,0.25396372996249256,3.200580450450735,0.053442187044428276,-0.04413883836804681,0.0,433.89690505936915,434.6216352687527,433.8306226584264,433.1646748340151
1.540000000000001,-0.06517109835202033,0.11251077402945439,12.466821160825535,0.040754800617468945,6.281149937231149,0.0,-0.10263586701982562,0.26328820176100615,3.2394379460180525,0.05720101052394533,-0.0452034968139477,0.0,451.4169626973507,451.15807729419913,451.7534121344753,452.6636102978864
1.560000000000001,-0.06721930870674808,0.11786775627625132,12.531886799840219,0.04191654511441545,6.280245910082957,0.0,-0.10218516845294955,0.27241002291868655,3.2671259554501955,0.05124714010749857,-0.04491096275793059,0.0,441.1898617360874,441.261117892945,442.67131210363743,441.20129257274584
1.580000000000001,-0.06925631585901944,0.1234121386283607,12.597562545885774,0.04295017633628717,6.27941399807834,0.0,-0.10151554677418656,0.2820282122922523,3.3004486491052183,0.04707858646823268,-0.033395125789676836,0.0,446.5449530092179,449.35324904133563,446.63476087706863,445.6152980327044
1.600000000000001,-0.07127742045633527,0.12915809612070417,12.664063916337616,0.04389249594633782,6.278746895149535,0.0,-0.1005949129573973,0.2925675369420929,3.349688396079006,0.04585557323351544,-0.03465971029804207,0.0,462.4373655481573,462.1380296126999,461.51446801756146,461.2260179993655
1.620000000000001,-0.07327966233731492,0.13510540876540433,12.731282741382532,0.04482219949938404,6.278056707098642,0.0,-0.0996292751405678,0.3021637275279251,3.37219410841266,0.05087395711207258,-0.032207709047022325,0.0,437.0737146996207,437.68584719752187,436.7663514067624,438.0214797207336
1.640000000000001,-0.07526220830379371,0.14123683140379953,12.798732207712414,0.04584887996205822,6.277423754964328,0.0,-0.09862532150731129,0.31097853631159306,3.3727525245754726,0.0551637870463457,-0.027474412811355414,0.0,415.83150830318226,417.073162175912,415.2509243082245,416.38023028345236
1.660000000000001,-0.07721929810229618,0.14757942946521108,12.866909093795554,0.04696005472398035,6.27689947734795,0.0,-0.0970836583429362,0.32328126982956157,3.444936083738693,0.0511891119664761,-0.034575207111842865,0.0,483.302483863004,481.694089718005,482.98239990486525,482.08401453074606
1.680000000000001,-0.07914853213875647,0.15413830733816414,12.9358326318867,0.047984061023917945,6.276221096324722,0.0,-0.09583974530309311,0.3326065174657451,3.4474177253758977,0.0505196934011284,-0.02945209887373779,0.0,416.9494400343289,418.289511674437,419.5992985510012,419.42675601321247
1.700000000000001,-0.08104792719300828,0.16091059724486612,13.005323834283866,0.04899777211497813,6.275632306227504,0.0,-0.09409976012208794,0.3446224732044534,3.5017025143407152,0.05309543525055296,-0.03016185975626668,0.0,466.95977006465176,466.7934176341611,467.41096405333366,468.0142755547826
1.720000000000001,-0.0829123596246922,0.1679172229313404,13.075726995041592,0.05008493671099501,6.275056331850848,0.0,-0.09234348304630437,0.35604009544297405,3.5386135614319354,0.06020259938349148,-0.03754600743505506,0.0,452.56332200459303,450.77640232592853,451.28132199305367,453.00095079351905
1.740000000000001,-0.08474031169512315,0.17515479455129646,13.146869614500497,0.05129532457000785,6.274311969617646,0.0,-0.09045172399678997,0.3677170665526341,3.5756483844586398,0.056642860251825584,-0.033924428911895226,0.0,451.8619324558983,452.7363401014004,452.67456630234665,451.816854682262
1.7600000000000011,-0.08653008749032172,0.18262065262664934,13.218595659549157,0.05245830771896909,6.273633841604289,0.0,-0.0885258555230669,0.37886874098265655,3.5969561204072074,0.04888065129758788,-0.03307523531716286,0.0,437.9153606398622,438.1267472341945,438.58091767465163,436.6446931387213
1.7800000000000011,-0.08828041607556489,0.19030906436869807,13.29069060232375,0.0534500637503621,6.2729737235374685,0.0,-0.08650700300125054,0.3899724332222174,3.612538157052056,0.04356219185131507,-0.03474055181796872,0.0,432.38206901271917,431.9604885159161,433.49838295708184,432.15705052261694
1.8000000000000012,-0.08998156693353117,0.19826035867023795,13.363820799730659,0.05435851449310114,6.272298132868482,0.0,-0.0836080827953777,0.40515699693177104,3.700481583638859,0.03493584781542025,-0.028540492564856846,0.0,495.5348779512412,496.8999580980264,499.592273727779,497.7025704259131
1.8200000000000012,-0.0916314229164599,0.20647496898850284,13.437920495886999,0.055066369567082774,6.271727958699376,0.0,-0.08137751549749468,0.41630403489471807,3.7094880319952432,0.030660776430376548,-0.02741294461436144,0.0,426.6916161705824,426.98005274840335,427.47094240108345,426.37715027165433
1.8400000000000012,-0.09323554910814297,0.21491370086837674,13.512195583711938,0.05568314233925786,6.271225646311322,0.0,-0.07903510367081201,0.4275691530926706,3.718020750498584,0.033328076026438905,-0.01782686050932062,0.0,425.8237624254555,428.27674654348033,425.5960728403393,426.2808086294157
1.8600000000000012,-0.0947902765761215,0.22358605433735862,13.586768147096524,0.056357005688756345,6.270875438650311,0.0,-0.07643764312704247,0.43966619380551825,3.739235587960059,0.02950660275825371,-0.014268897841007067,0.0,438.1798883687316,439.06645070157174,439.41154870117344,438.4605264334181
1.8800000000000012,-0.0962871697384321,0.2325252294056793,13.662180274431446,0.05694756767099296,6.270607751598716,0.0,-0.07325167310401706,0.4542513130265482,3.8019771455319606,0.030433885963603267,-0.02021715896933632,0.0,477.3284647542646,475.9647814304628,476.70160801503516,476.91434164880934
1.9000000000000012,-0.09771606169521506,0.24177384411649214,13.739131775615597,0.05755873410310475,6.270207163448603,0.0,-0.06963752257427894,0.470610158054738,3.8931729728831517,0.03266490045931798,-0.0229576075731824,0.0,502.11666672436047,501.5199386661876,500.6915251638382,501.17843262217156
1.9200000000000013,-0.09908397585664239,0.25129614821651347,13.816948699922335,0.05821895101836727,6.269769324429317,0.0,-0.06715389356845275,0.4816202519473921,3.888519457790548,0.02894497947194208,-0.029486486830521026,0.0,415.8294305027195,414.10984986524153,415.22571620344354,414.2459438942954
1.9400000000000013,-0.10039535037531958,0.26106603279535723,13.895120858214682,0.05884103075975666,6.269184044001793,0.0,-0.06398355829926636,0.4953682059369818,3.9286963714441847,0.03823800394740913,-0.02650343165633417,0.0,457.3684794500788,458.08048249908694,456.4625782447629,458.682346570776
1.9600000000000013,-0.1016445166114297,0.27110147022470976,13.97391218827745,0.05960619668885858,6.268676851728973,0.0,-0.060933065311745416,0.5081755369982707,3.950436634832656,0.03913894806779469,-0.03326750739613544,0.0,441.69510499610294,440.0181352697479,440.73543600553484,440.9595057469759
1.9800000000000013,-0.10282841803213631,0.2814076206427646,14.05335471166421,0.06039000987226917,6.2680167079110145,0.0,-0.05745707675891612,0.5224395048072101,3.9938157038433566,0.04057715671359552,-0.036494372737206335,0.0,461.449206144723,460.68394694665994,460.8037647497627,461.1454365377164
2.0000000000000013,-0.1039416644953475,0.2919991178761964,14.133635113310135,0.061214637741963784,6.267363715159956,0.0,-0.05386756956220332,0.5367102185359727,4.0342244607491065,0.03546154620795041,-0.04889555846159646,0.0,460.72099784875013,457.76930004960366,458.6723995534906,457.45268398919444
2.0200000000000014,-0.10498028998835093,0.3028829165256701,14.214804460502071,0.061932402598877445,6.266387057460474,0.0,-0.049994979738138906,0.5516696464113937,4.0827102584444415,0.031330218877724136,-0.050478890233885014,0.0,466.6784378461557,466.30614992486164,466.4757301639677,465.50730817742374
2.0400000000000014,-0.10594583754313922,0.31404270302008763,14.296541345305446,0.06257407948106053,6.265390495064608,0.0,-0.046559775740689015,0.564309003030359,4.090978221893002,0.025839771786827514,-0.055580930769366606,0.0,429.6780933599954,428.37668927483935,430.0420595785035,428.6448357981002
2.0600000000000014,-0.10683728676497371,0.325468344490551,14.378631545892572,0.06309204804752255,6.2642814121368975,0.0,-0.04258514644276011,0.578255144015982,4.118041836819765,0.027371522893185507,-0.0533289593322573,0.0,447.1017598910407,447.64982856935194,446.728718056437,447.1034165602402
2.0800000000000014,-0.1076500381672746,0.33716311378142244,14.461090048086293,0.06363968250168206,6.2632307252389445,0.0,-0.03868999378732915,0.5912217850711624,4.127808382552302,0.028010265870913993,-0.047691178085709725,0.0,430.8917117647769,432.3173413844691,430.21414106921634,430.37658269973156
2.1000000000000014,-0.1083686524318742,0.3491631370298927,14.544447175007265,0.0642239327143681,6.262276952230511,0.0,-0.03317143267263185,0.6087805397758606,4.207904309545106,0.021075585594493004,-0.04800915066815404,0.0,495.0245904420848,494.9532637141767,494.5776164598581,493.04300131123586
2.1200000000000014,-0.10897871502906308,0.3615022283173966,14.629193228160757,0.06465442338659422,6.261325504369157,0.0,-0.02783482704625589,0.6251285889745289,4.26670100580405,0.016837906905425783,-0.05218889994531581,0.0,477.8262797144103,476.8681022496571,476.5396544114178,475.5667667939793
2.1400000000000015,-0.1094934508498582,0.3741284531700683,14.7144835549546,0.06499584605769293,6.260285178764608,0.0,-0.023638755033257106,0.6374938962926425,4.2623316735802295,0.013783554931549492,-0.049561203480117395,0.0,418.13040793326405,418.81473390891716,418.5975273985741,417.7992353174988
2.1600000000000015,-0.1099197173873063,0.3870098269844596,14.799797433924502,0.06527775136272052,6.259321322333477,0.0,-0.018987898711552674,0.650643485146486,4.269056223410097,0.017314618906154343,-0.04216287414554189,0.0,427.5311516222795,429.41662517826967,429.53338912316457,430.43079714907395
2.1800000000000015,-0.11024693792984783,0.4001658430665018,14.885415816251049,0.06566553978604528,6.258480906319992,0.0,-0.013734155542600022,0.6649581230577376,4.29278200924454,0.008204619432882558,-0.04454676568030592,0.0,445.8540434284282,445.26834793186345,446.5647700894309,444.32955310783046
2.2000000000000015,-0.11046514446047473,0.41361450356065654,14.97159284924814,0.06587574872385105,6.257593403077259,0.0,-0.008086497520090129,0.6799079263577322,4.324921290464547,-0.0013991870154430232,-0.04716671639478343,0.0,453.9452751228885,453.31297733909236,454.55072226891133,452.23561064392976
2.2200000000000015,-0.11056477177943486,0.4273718383131381,15.058552695000634,0.06586144378623882,6.2567389947419105,0.0,-0.0018762343759225978,0.6958255488904233,4.371063284784814,0.0038312628116713874,-0.06050283221219027,0.0,468.0882298330886,464.96285591837795,465.79315163774527,467.01879579177063
2.2400000000000015,-0.11055547361744944,0.44140425874652006,15.14578062943481,0.06593889104304118,6.2555343937404135,0.0,0.0028060505744639426,0.7074164944477779,4.351730158632897,0.0025490767338694166,-0.06380605571257265,0.0,405.1339483778747,404.23884961387154,403.7694428507091,403.4221523228335
2.2600000000000016,-0.11043126301396472,0.4557141636244741,15.233312062709592,0.06605337296476588,6.254261192398548,0.0,0.009615009774008865,0.7235739933476245,4.401413168845303,-0.008720385280587009,-0.06622257071828573,0.0,470.88830077484045,470.32438898125054,470.4064151179442,467.78079979104274
2.2800000000000016,-0.11016565100350709,0.4703522040906457,15.32190896726534,0.06588034275845889,6.252947483276113,0.0,0.016946191271753768,0.7402300532695381,4.458277286729614,-0.010380204129173235,-0.07085771730303464,0.0,477.7211085369196,476.65660447968645,476.1497675114425,475.76876717414837
2.3000000000000016,-0.10976378088526696,0.4852930563088732,15.411191235862994,0.0656745843735207,6.251530575768237,0.0,0.023240820552258474,0.7538551685532082,4.46994957303563,-0.008458903712652772,-0.0701550962316536,0.0,435.40193701358675,435.5743123502144,435.7273602687817,436.20913249972085
2.3200000000000016,-0.10921778476712167,0.5005375943251591,15.501188470249492,0.06552150514358868,6.250131450049485,0.0,0.03135879126227134,0.7705986330753787,4.529773865614336,-0.002784602994280202,-0.07297509831715247,0.0,480.5436538408781,479.8985205565692,478.54077473104206,479.83505368377155
2.3400000000000016,-0.1085369704405536,0.5160549030703904,15.591442650825067,0.06546593190567584,6.248675888852203,0.0,0.036722641394535877,0.781132241447747,4.495644191943377,-0.0022971156146431963,-0.0701676905946285,0.0,389.986367299972,390.76744275481855,389.83077009157194,389.96747880510435
2.3600000000000017,-0.10773507161714245,0.5318044178360554,15.681344936755826,0.06545017690580224,6.247272931724767,0.0,0.04346724094657995,0.7938192351187541,4.494584401132621,0.005472995378083424,-0.07105840318248062,0.0,423.5705203946084,423.33660409971526,423.0130740132508,425.0159431023879
2.3800000000000017,-0.10679692858907945,0.5478050454637684,15.771187284624823,0.06556454046581006,6.245866366383581,0.0,0.05034706185971995,0.8062435276525484,4.489650385767047,0.00860465706047519,-0.06565419695706767,0.0,419.8127449314765,421.21314755214166,418.9002773674926,419.7164628678132
2.4000000000000017,-0.1056948509084518,0.5640958022180282,15.861562691443092,0.06577008232153148,6.244566529791031,0.0,0.05986070620304503,0.822832147773432,4.547890296059887,0.0004255722079726156,-0.06050689735588446,0.0,477.9015301620368,479.0743562139203,479.5361030749729,477.66826390131587
2.4200000000000017,-0.10441234790690869,0.5806964009043198,15.952762796125905,0.06580155909166052,6.243360038418459,0.0,0.06838959395126616,0.8372277208557245,4.572120172221352,-0.006351643439990816,-0.05780631425349429,0.0,447.33369094566984,447.99044440300383,450.01812977031386,448.3691704417272
2.4400000000000017,-0.102943247074904,0.5976069484709463,16.04478177870312,0.06568447048780701,6.242247975229482,0.0,0.07852048924920277,0.8538270358069217,4.629778085500108,-0.0018919876357677036,-0.048418759077436466,0.0,477.36227961126934,479.50466703930186,478.5039663737964,479.52157894475323
2.4600000000000017,-0.10128180906124276,0.6148281006068991,16.137634393852462,0.06564669929382827,6.241279891480826,0.0,0.08762331211692032,0.8682881777883578,4.655483429434083,-0.002262281401445977,-0.047655302605855245,0.0,450.52100064280756,450.7047699648252,450.47742994591374,450.3876223796129
2.4800000000000018,-0.09944220222654937,0.6323288659047417,16.230857205691947,0.06560150803501141,6.240326998963354,0.0,0.09633737135241895,0.881788351995903,4.666797754514366,-0.0025920364982995616,-0.04700179721683887,0.0,436.4295092103308,436.59171554455236,438.0004707786124,437.9182267501308
2.5000000000000018,-0.09743169687466398,0.6500912640469568,16.324181331572234,0.0655536938996768,6.239418827512845,0.0,0.10471316383612007,0.8944514622256113,4.665614833514467,0.00024577767142308854,-0.054984840975482174,0.0,426.8944731944947,424.84427938845306,424.288653907497,425.0190882909305
2.520000000000002,-0.09523540365020082,0.6681314290736322,16.417857533365645,0.06556720953958184,6.238319968900182,0.0,0.11491615861019573,0.9095650404419291,4.702005345826302,-0.0039015314504927154,-0.056279604928198425,0.0,460.4774718829707,460.1681489542549,461.4848945621127,460.501644272565
2.540000000000002,-0.09281993979687667,0.6864921326898294,16.51254029553055,0.06552043984133604,6.237212656404221,0.0,0.1266302267222202,0.9265053211778002,4.766270870664101,-0.011808608124464775,-0.05023318406903008,0.0,484.292479786477,485.6532052278255,487.03035958113134,485.2528227252673
2.560000000000002,-0.09017550406618406,0.7051797672476222,16.60833033296548,0.0652968126053457,6.236219005547932,0.0,0.13781334634704073,0.9422581346014701,4.81273287282907,-0.016817585365197108,-0.04554003478702203,0.0,469.4547814098955,470.5446732535006,471.7098350959584,470.54798628054925
2.580000000000002,-0.08732079214917732,0.7241598883899448,16.70471396515068,0.06497212610025294,6.235342848734344,0.0,0.14765784535363377,0.9557539796307876,4.8256303456912875,-0.021647741099990094,-0.053863962003581095,0.0,441.2789080451172,439.21118584313604,440.81260046930487,439.6134623595281
2.600000000000002,-0.08426886476126429,0.7434071076108228,16.8013239496111,0.06455677275259664,6.234283331987838,0.0,0.15753489343766922,0.9689679424570156,4.835368100350483,-0.027580948385029815,-0.05982424615195524,0.0,438.1253128717946,436.63394694275195,438.0697846367766,436.58696662500927
2.620000000000002,-0.08098675744779621,0.7629577961102679,16.898749513812586,0.06403100027725106,6.233087596385905,0.0,0.1706758379091385,0.9861009074874957,4.907188319798158,-0.02039116502870597,-0.06104843658377138,0.0,493.74469884339663,493.47151462819744,491.8613714690884,493.45624561315793
2.640000000000002,-0.07748482521463304,0.7827906652118061,16.996691724877866,0.06362799936776309,6.23186664768901,0.0,0.17951738540717832,0.9971860026663102,4.887032786729687,-0.023496769989406557,-0.06124861040718865,0.0,409.0895265688035,409.0330320939626,408.68530074092115,407.85387570904714
2.660000000000002,-0.07380964041877468,0.802837333429259,17.094119345796916,0.0631900379047945,6.230651614350647,0.0,0.18800109417865857,1.0074808190789823,4.855729305175349,-0.015500028550580022,-0.0657070562755835,0.0,397.4108091282883,396.17953325377357,395.95791661478603,398.1590755588186
2.680000000000002,-0.0699383837584872,0.8231183677089582,17.191383719461953,0.06288008729651651,6.2293642603589525,0.0,0.19912457185008953,1.0206226088909398,4.8707080613283855,-0.015183918652693864,-0.07302650076522033,0.0,443.3959939270621,441.58487562315526,442.77784316846856,442.8559633131361
2.700000000000002,-0.06582910854966367,0.8436764439951565,17.289185117793586,0.06258065413179015,6.227907039655374,0.0,0.2118029490322637,1.0351850197288905,4.909431771834954,-0.018097750606583262,-0.07045383221796614,0.0,464.18758625689765,464.78904793416365,465.1547775129493,464.46974795317885
2.720000000000002,-0.06149584215263773,0.8644876594025932,17.387165502927704,0.062222648786595336,6.2265135174989545,0.0,0.2215236906703302,1.0459365210147744,4.888606741576909,-0.015287175243109056,-0.06487629011794933,0.0,407.27135226724056,408.7611754735382,407.7522890023595,408.5050057075076
2.740000000000002,-0.05695965377093512,0.8855198159223407,17.484835845287485,0.06195044511613812,6.225227243921886,0.0,0.23209514749993115,1.0572791309599852,4.878427494401417,-0.007096957369933399,-0.0696201757175779,0.0,419.50028820082866,418.2590995022955,417.3249424095443,419.46456266354517
2.760000000000002,-0.052220220795231656,0.9067669272935216,17.582120440530453,0.06184158675535212,6.223840593692421,0.0,0.24184815007041502,1.067432006158091,4.850032029895591,0.00103701910078011,-0.073012309231117,0.0,399.9228857683664,398.99045010239,399.39178019329296,401.61169084802697
2.780000000000002,-0.047255444667699285,0.9282458933921002,17.67930653028707,0.061880206583662556,6.222382183349232,0.0,0.25462946268282205,1.0804646036997647,4.868576945766195,-0.004942854860264756,-0.07109614565068172,0.0,445.79886410982635,446.2642840315872,446.8169184418378,445.35177007379394
2.800000000000002,-0.042021247133798297,0.9499963260168877,17.77703802951525,0.061788006493796566,6.2209666476262875,0.0,0.2687902907072766,1.094578658778981,4.904572977051314,-0.008591692302239632,-0.07467027213680429,0.0,463.1250982281245,462.27720270300244,462.3184798430832,461.4551650566018
2.820000000000002,-0.036517048037942486,0.9720123626034937,17.875224765241516,0.06161659626166838,6.219514099392235,0.0,0.2816296188783043,1.1070249998816106,4.914100595575154,-0.0076712425024879505,-0.08370987485858786,0.0,438.59403923369973,436.33111688938607,438.6191985747691,438.8486170233156
2.840000000000002,-0.0307604152676617,0.9942697739933375,17.973486858176216,0.061474125268851765,6.217841905867445,0.0,0.2940336581497742,1.1187161391027658,4.912108697894753,-0.0029906747520976,-0.085711860063623,0.0,427.5593764473233,427.0412692062697,426.29498172609715,427.49345136916713
2.860000000000002,-0.02473955125402442,1.0167727351460039,18.071905629419533,0.061452322046879004,6.216167661135007,0.0,0.30805274321395365,1.1315799761638654,4.929768426436996,-0.011709650961373321,-0.09465528992403616,0.0,448.0654646350292,445.8725676970589,445.918539474645,443.77641761820587
2.880000000000002,-0.01843001318426447,1.039537128828893,18.170747325056343,0.0612672069092115,6.214274626963935,0.0,0.3229010637620414,1.1448593921250487,4.954401137244093,-0.0018022919227189144,-0.0942767997452539,0.0,451.4154011284954,451.49957790304506,452.5228562368943,454.9095489064742
2.900000000000002,-0.011812666501606109,1.0625724922832085,18.270177641983985,0.06123621454237238,6.212396689741459,0.0,0.33883360450379485,1.1586769533064936,4.988630555519749,0.0013768499788269135,-0.09817520260524133,0.0,462.6672431220433,461.73824825479954,460.65076870174045,461.4044775195723
2.920000000000002,-0.004852051686156929,1.0859015315294638,18.370577750985074,0.06128487565130847,6.2104352318009575,0.0,0.3572278770411231,1.1742269713190332,5.051380344588968,0.007876712955830808,-0.10019812702518346,0.0,486.6151933133803,486.1532755032094,487.02899658631026,488.4854048144829
2.940000000000002,0.0024429839114778274,1.1095091869097422,18.471704475954105,0.06144734065933832,6.208437897338262,0.0,0.3722756827223525,1.1865385667088082,5.061292152314149,0.0047364107687046,-0.09655722663967198,0.0,438.9623015997654,439.8591358816902,441.09999610164124,440.32108091350744
2.960000000000002,0.010034574748748424,1.1333563149150028,18.572915493032863,0.0616059831011464,6.206572554479887,0.0,0.38688340100470714,1.198174233817245,5.059809555561625,-0.0065697138046407495,-0.08508537636007854,0.0,428.1322486431372,431.04266328047777,430.34996807289457,427.46877026827724
2.980000000000002,0.0179642350148063,1.1574702694044892,18.674646262767656,0.06150106780693676,6.2048833746537095,0.0,0.4060826256010805,1.2132212151314095,5.113267417917706,0.0007075084515133665,-0.08007983922130547,0.0,479.10098796882113,480.23615273137557,479.10452745560417,480.7618594389069
3.000000000000002,0.02625836105805694,1.181866184128458,18.777143847050198,0.06152002546864921,6.203286885832545,0.0,0.4233299787239832,1.226370257265458,5.136491010336542,0.003808312438413762,-0.0832760755273989,0.0,453.5582493985439,452.78235675755616,452.93630360246897,453.6839133476913
3.0200000000000022,0.03488974776626506,1.2065164137142974,18.87996607222178,0.06165345194596039,6.201708174256687,0.0,0.4398086920968285,1.238652701318493,5.145731506821739,0.014509735572064402,-0.09645256479341545,0.0,441.8452389405694,438.5679633081535,439.30844595613536,441.962808363113
3.0400000000000023,0.0438498491619766,1.2314093602823264,18.98292262515757,0.061946063585154754,6.199809871850309,0.0,0.4562014474743258,1.2506419554844057,5.14992378675731,0.012311132491320705,-0.08861051283114423,0.0,434.55644929259654,436.51626695436795,436.2231469528421,435.67182255420573
3.0600000000000023,0.053137077462460484,1.2565392126664134,19.085908483468017,0.06219316138799158,6.19804719626482,0.0,0.4725213825740621,1.262343282924291,5.148662044287423,0.010988141175984166,-0.09297735863384303,0.0,430.7878062840946,429.67160535421374,431.08702709927985,430.7513461389165
3.0800000000000023,0.06272664740662962,1.281883441804952,19.188547220538716,0.06241488354080271,6.196200673136985,0.0,0.4864356118428508,1.2720796309295703,5.115211662782406,0.009008580976824422,-0.08787362571737574,0.0,396.45090233708777,397.84710389751984,399.36805186484776,398.82579512463263
3.1000000000000023,0.07265470426051664,1.3074635608415048,19.29117125626237,0.06259973330620916,6.1944434821910885,0.0,0.5063700735458508,1.285932272725708,5.147191909583146,0.005949775370013254,-0.08862405019713404,0.0,461.4862962270821,461.3024380391503,462.01639106261536,461.292099756365
3.1200000000000023,0.08298141566153937,1.333318192377135,19.394389110335755,0.06273809675245623,6.192675930243563,0.0,0.5263010665564221,1.2995308808372992,5.174593497755277,0.012173590734760927,-0.08548428701624815,0.0,457.605913003287,458.3489362227365,456.7012744322455,458.18821546293645
3.1400000000000023,0.09367434504579539,1.3594198697023414,19.497754811989356,0.06298354212306911,6.19096717576959,0.0,0.5429918718691802,1.3106368516833637,5.1619766676047485,0.014160324696656956,-0.08411954062797346,0.0,420.2248084262333,420.57316227535756,419.0913950231516,419.60910616315033
3.1600000000000024,0.10472636103596794,1.3857590690003379,19.601106712489603,0.06327831532140138,6.189305174002564,0.0,0.5622097271480755,1.3232830781162643,5.173213382419729,0.009350604455465067,-0.09050531317868747,0.0,443.5371126391717,441.9548840606769,443.7419017228396,442.5555276442023
3.1800000000000024,0.1161730953331986,1.4123563344348649,19.704756264650854,0.0634761424156789,6.187495260151184,0.0,0.5824637025749906,1.336443465336435,5.191741833705169,0.014001411948322547,-0.09112565533017687,0.0,449.7284328440178,449.5708886805929,449.6939722363146,450.82279915290394
3.2000000000000024,0.12804161800111807,1.4392255841751715,19.808909305527774,0.06387391276263799,6.185672887080079,0.0,0.6043885642169572,1.3504815086942448,5.223562253986645,-0.0013440830252985023,-0.09165487267336295,0.0,462.3423623274411,462.2106208083381,464.3190234996786,460.69255786736295
3.2200000000000024,0.14031456187417432,1.466351439282664,19.91330826596305,0.06385863723955687,6.183841682208957,0.0,0.6229058230886685,1.362104002055008,5.216333789541067,0.003473828851142974,-0.0897093227019632,0.0,425.80642581583317,426.2980778012299,425.25353729455946,426.4900800281749
3.2400000000000024,0.1529808863224803,1.4937221160135283,20.017758332124394,0.06393646861119606,6.182102407167708,0.0,0.6437266217419304,1.3749636710314346,5.228672826593146,0.007561565294842456,-0.07922968408307905,0.0,442.8532963673701,445.4254964512646,444.9064445063299,445.90945888684223
3.2600000000000025,0.16609156622466473,1.5213653338988067,20.122694046894964,0.06410342698072213,6.18052749891295,0.0,0.6673413684765112,1.3893581174964005,5.264898650463818,0.00195316737219867,-0.07482845086891181,0.0,467.0827813698636,468.1068452214137,466.8780171208043,465.56312070151773
3.2800000000000025,0.17965558748287383,1.5492826411070486,20.228134870324983,0.06416908695018897,6.179151209919521,0.0,0.6890607573443991,1.4023726033277901,5.27918369253835,0.009246537241158776,-0.05931845254854905,0.0,444.83169183071215,448.62208160096947,446.7968249077804,448.57738258296087
3.3000000000000025,0.19365567701046066,1.5774595040565935,20.333849549929056,0.06435780968914084,6.177969797364266,0.0,0.7109481954142837,1.4153136916266853,5.2922842678691335,0.012000441425559467,-0.062466942890155336,0.0,447.02551141321203,446.2525862553711,445.6208509202143,446.29567252886955
3.3200000000000025,0.20810534021268665,1.6059011641174095,20.439914457128772,0.06460233500954082,6.176720610203514,0.0,0.7340181248083166,1.4288523144548992,5.31420645210238,0.015005933694299714,-0.06191613067270333,0.0,454.9010705552401,455.03067773425073,454.0587853764758,454.7815437839058
3.3400000000000025,0.22299333598633958,1.6345984353384324,20.54617679110395,0.06494619935540946,6.175482368791261,0.0,0.7547814525569767,1.4408748076474003,5.312026945415223,0.00565225292328962,-0.06151313885977332,0.0,432.1408190794665,432.23986312025556,433.3789685852888,431.0133795564154
3.3600000000000025,0.23831909533532233,1.6635487779444829,20.652580852937856,0.06506064189708827,6.174252253297958,0.0,0.7777944823412977,1.4541594529576474,5.328379237975395,0.003980437614455973,-0.06097039787102377,0.0,449.93721822742043,450.06638513104485,449.9073025676511,449.5008784054915
3.3800000000000026,0.25409217455582017,1.6927556874297631,20.759169902676923,0.06517997151693056,6.173036260375522,0.0,0.7995134397084898,1.4665314955703725,5.330525735931325,0.012893446932613361,-0.05835695761540655,0.0,435.8589918067089,436.51114584694466,435.9813322230585,438.21003260224205
3.4000000000000026,0.27035043592069397,1.7222386531217344,20.866238415501254,0.06545210523153333,6.17189070629194,0.0,0.8263126967788857,1.4817650736267363,5.376325546501988,0.007552140734650352,-0.06492735619193811,0.0,477.34788327379476,475.83899030563657,477.62675555940893,476.4027933884761
3.4200000000000026,0.2871332983774975,1.7520185491293223,20.974096388868112,0.06560827620094845,6.170640311648171,0.0,0.8519735489014681,1.4962245271320456,5.409471790183937,0.01075468807136088,-0.0551138471284407,0.0,464.31880740341245,466.62023904608697,466.2561549066315,467.0061595449215
3.4400000000000026,0.304381699765363,1.7820585489671152,21.082170907113603,0.06582372377543066,6.169544826831466,0.0,0.8728665898850793,1.5077754566472383,5.397980034365302,0.011595893224731056,-0.051428165139271696,0.0,424.044383615243,424.99114865722487,424.17521810709496,424.3918054389075
3.4600000000000026,0.32204846219094546,1.8123289757100398,21.190002290888135,0.06606976184962399,6.168518704812758,0.0,0.8938096526731647,1.5192672176452118,5.3851583430878724,0.0062817216620778575,-0.04921851173696202,0.0,422.5908397095774,423.16013118617497,423.8598365918973,422.4871214396534
3.4800000000000026,0.34011276201467305,1.842816277954154,21.29737625463535,0.06619720224735115,6.167534422299916,0.0,0.9126203296995986,1.5294630067662003,5.352238031633527,0.008182229218478112,-0.049637371847746026,0.0,402.8888035850554,402.77337384633074,401.9445224265398,402.4609099182483
3.5000000000000027,0.35854814604325425,1.873503755633142,21.404034090470585,0.06636138159939264,6.166555835693302,0.0,0.930918073158522,1.539284761132617,5.313545551889993,0.007148045799598605,-0.044315561940882146,0.0,395.90451019524113,397.3692155561857,395.78211441671107,395.49628888446836
3.5200000000000027,0.37744912398151226,1.9044433401435124,21.510753690930134,0.06651455463516065,6.165681756672658,0.0,0.9591797206672801,1.55467368990441,5.3584144940649026,0.002628727316549371,-0.049261715633221646,0.0,476.81614997835396,475.68006267824325,476.6806590810187,475.6431967273366
3.5400000000000027,0.39684096034659766,1.935647895762321,21.617724333113124,0.06666040602886358,6.164718097247151,0.0,0.9800039158412593,1.5657818719764653,5.338649724234221,0.01628719336304025,-0.04269286685164651,0.0,414.71806163065907,416.44404595118556,414.42051840219364,418.0073188389824
3.5600000000000027,0.416722723694862,1.9671149108829407,21.724901292658092,0.0669883494101633,6.163881399275596,0.0,1.0081724189851775,1.5809196400854773,5.379046230262333,0.0183845793737632,-0.048551085945797164,0.0,473.7318533819328,472.37746415461976,471.9216074292609,472.4070041985833
3.5800000000000027,0.43710429011108454,1.9988487534801356,21.832340771294863,0.06736154156822494,6.162912740962884,0.0,1.0299842226370697,1.5924646196340222,5.364901633414634,0.021701376197877976,-0.04637696258004301,0.0,421.693928289005,422.25549471109775,421.37053255318335,422.2299787159045
3.6000000000000028,0.45796506022150035,2.0308370252123056,21.939837723960476,0.06780912185061272,6.161985216387372,0.0,1.056092788404512,1.606362553583001,5.384793633146601,0.02690767208454927,-0.04620563781584829,0.0,455.58524335045746,455.6251297923146,452.62316253423694,453.8786275931726
3.6200000000000028,0.4793548300744957,2.0631068107788813,22.047772212413545,0.06834959406692409,6.161071672169264,0.0,1.0828841968950242,1.6206160030745578,5.408655212160022,0.02475417510505263,-0.05080314544666251,0.0,458.99452409373583,457.89724156571197,458.5191920587874,458.0057090137268
3.640000000000003,0.5013409382953672,2.0956953201419184,22.15665968428692,0.06884904774654377,6.160068856042754,0.0,1.1157266251921194,1.6382349332291546,5.480091975177693,0.021797765959305437,-0.0559503354417149,0.0,500.50498075794263,499.3783949544407,501.06907699899114,500.4238132024521
3.660000000000003,0.5238873044244474,2.128582253089328,22.266175611652923,0.0692864891954823,6.158953077230752,0.0,1.1389099877159057,1.6504583615117878,5.471500761422256,0.023521790177676253,-0.053409510051092506,0.0,429.2690151735082,429.91324344193634,427.7284966142347,428.1688584858563
3.680000000000003,0.5468893869223436,2.161708807079666,22.37543968383729,0.0697611004726042,6.157891343083268,0.0,1.1612982620737073,1.6621970375220403,5.454906457014356,0.026411590713633453,-0.05700285209919823,0.0,421.3478320224011,420.4125891186342,420.4292942540762,421.1800005217894
3.700000000000003,0.5704115138919686,2.1951098369031046,22.48492949073624,0.07032101337957553,6.156751714359906,0.0,1.1909144348888063,1.677905944821805,5.494074232880911,0.01845155394255217,-0.057928399096680336,0.0,472.4859526568701,472.2697847376622,474.8831532246604,473.047643950007
3.720000000000003,0.5945000636413521,2.2288104645619136,22.594978470753702,0.0706983324431798,6.155593497353006,0.0,1.2179405400495424,1.69215682105911,5.510823768865486,0.014380194279503305,-0.05876622369983223,0.0,453.29000452631044,453.0856869932915,453.93560646839313,452.9541661360103
3.740000000000003,0.6191689313074514,2.262817359168575,22.70565290588302,0.07098707245251479,6.154418390541839,0.0,1.2489462265603912,1.7085326396070266,5.556619744066385,0.015887591868231885,-0.05942601583230884,0.0,480.75147539164846,480.5993251274894,478.6364837068153,478.98045180943495
3.760000000000003,0.6444403403241543,2.2971411666175983,22.81708616402107,0.07133663660848821,6.153231284368001,0.0,1.2781946751098945,1.7238481052953138,5.586706069738677,0.02386409719439115,-0.061107766591017146,0.0,466.3472124023161,465.9505882037696,465.5616668848763,467.43043993781606
3.780000000000003,0.6703339758482492,2.331790815524576,22.929385217531074,0.07181412408714127,6.1520294848214085,0.0,1.3111688772995937,1.741116785402455,5.643199281262015,0.024505244237064083,-0.06748832851442367,0.0,490.12451880940654,488.6972943904033,490.38894594020354,490.5318303651978
3.800000000000003,0.6968826548885959,2.366782868665781,23.042757743756535,0.07231869998408857,6.1507117732365995,0.0,1.3436990267350826,1.7580885287180128,5.694053341284394,0.01912546502112686,-0.07549519874928153,0.0,486.72605413366466,484.921719980599,486.2316217227716,485.0208408421426
3.820000000000003,0.7239862481808309,2.4020618403589267,23.156406870707443,0.07270500414754899,6.149202615091372,0.0,1.3666603024884139,1.7698086405965485,5.670859353806317,0.021880410769476187,-0.07427386361298119,0.0,417.5120345745937,417.82678076114206,416.74471111172414,417.466640560251
3.840000000000003,0.7516103934389926,2.4376074092826783,23.270026792757864,0.07317701142846111,6.1477409722451455,0.0,1.3957542233277578,1.7847482517786213,5.69113285123591,0.03017487464879802,-0.08117812693841636,0.0,459.59650914416824,457.9474730355589,458.19018794962386,460.1645656144914
3.860000000000003,0.7797805285203151,2.473431724971965,23.38376652293203,0.07379186762999534,6.146130975609154,0.0,1.4212592848044994,1.7976833171500386,5.682840166180807,0.025408595479765525,-0.07596930696163273,0.0,431.9457532131729,433.2563240769672,432.6536699164354,431.4481794581917
3.880000000000003,0.8084281939188077,2.509496761884735,23.497083136813654,0.07430113140707473,6.144680552206683,0.0,1.44350725504476,1.8088203741269617,5.64882122198154,0.02688634206413055,-0.08771347460027086,0.0,407.71214172440256,404.5461501799038,406.71836356566445,407.1154943035301
3.900000000000003,0.8375864946793709,2.545818982331218,23.61017270455228,0.0748504987400942,6.142936685858924,0.0,1.4723228210115442,1.8234016705213731,5.660135551881041,0.02206130491665948,-0.08315208353023014,0.0,450.2837378834238,451.3833560969503,451.3157806948145,450.14586783859147
3.920000000000003,0.8673689850425728,2.582457289932902,23.72380122924084,0.07529338855025802,6.141292747657307,0.0,1.505926215308649,1.840429089647027,5.702716916975177,0.020237182206502252,-0.07697090743056045,0.0,477.78790738184586,479.1947477768619,480.4011857150169,479.9859656746069
3.940000000000003,0.8978360801629953,2.6194416045006164,23.8383415283621,0.07576827812988451,6.139753896216044,0.0,1.5407832967336061,1.8580023671243886,5.751312995150756,0.03208166915164093,-0.0780355269388199,0.0,484.9321388425957,484.6879719533061,484.15936069540606,486.8258485040238
3.960000000000003,0.9289756146538097,2.656763497809703,23.953657283917014,0.07645838297798768,6.13823615351707,0.0,1.573170152347831,1.8741869637842914,5.7802625603406925,0.02223570905929425,-0.087305676862508,0.0,469.7616086156504,467.5952080824054,469.2923409369804,466.99385113259143
3.980000000000003,0.960774459060653,2.6944147970151673,24.06960787977357,0.07691092613899908,6.13650346963211,0.0,1.6067142883364904,1.890942956762142,5.814797025315019,0.018278695077598876,-0.09248827317894028,0.0,474.1662413686591,472.9642815378359,474.577467792355,473.6652330532595
4.000000000000003,0.9931669506285806,2.7323598759456478,24.18570100466113,0.07730385104576332,6.134653858243393,0.0,1.63253486845628,1.903564936285912,5.794515463440922,0.010882614329980153,-0.09193316082769655,0.0,422.8452093488693,422.980995132337,423.6533575524769,421.74075074187493
4.020000000000002,1.0261399622189862,2.7705893569805444,24.30179415754048,0.07752789602103594,6.132826370570722,0.0,1.664766290584283,1.9193831672037625,5.814799824494297,0.014458278931866634,-0.09666085453258176,0.0,461.3118911618559,460.18356887141647,461.64996001345264,462.49564189667734
4.040000000000002,1.0598013176264727,2.809155854409403,24.418554744325796,0.07782042290113544,6.130928254099009,0.0,1.7013692501643658,1.937266575682053,5.861258854037196,0.011865480651175877,-0.08828223663479008,0.0,483.6652742216913,485.54789040217065,485.87216561666963,485.28841990949684
4.060000000000001,1.0941910027207704,2.84807634256011,24.53619032066908,0.07812169805895586,6.129163310540196,0.0,1.7375992592654135,1.954782239388665,5.902298780291086,0.0005548180006351554,-0.0870980289823174,0.0,481.58687763224407,481.8497561752796,481.54287600843594,478.96856151788216
4.080000000000001,1.1292649516620028,2.8873253218646733,24.654360875917668,0.07819211677023752,6.127462949045675,0.0,1.7697956348578237,1.9701156910676463,5.914756744567987,-0.010337596907855493,-0.09621933208272745,0.0,457.6554343983481,455.4656858599465,456.37186431611076,453.7555629390397
4.1000000000000005,1.1649782506121116,2.9268769096135085,24.772729273799285,0.0780057745573508,6.125558096310513,0.0,1.8015342601530413,1.9850430838159028,5.922083043593762,-0.0039485867699961645,-0.10246975710706935,0.0,451.93868947152436,450.4166951701648,450.66278896944925,452.2098532447911
4.12,1.2013208820266645,2.966721903088767,24.891185985702297,0.07793096590977111,6.1235137593931395,0.0,1.8327288813022673,1.9994562637099227,5.923588146707425,-0.006834098100944354,-0.10565039376272178,0.0,445.6095689099211,444.8196003756964,447.2232876353277,446.517567446794
4.14,1.2382238843651407,3.0068221591625583,25.009254692000646,0.07780759849231611,6.121471992132227,0.0,1.8575713525453519,2.0105693436692196,5.883282483127351,-0.011994436183565924,-0.09371384364622723,0.0,402.5569380112651,405.77427594308705,405.8662666047945,404.47418531072856
4.159999999999999,1.2756846154798456,3.047171791715586,25.126870217541217,0.07757047114807847,6.119600479836976,0.0,1.888501758925132,2.024393911633558,5.87827007092952,-0.014344491261218806,-0.0960652592508705,0.0,440.4266024912082,439.8351099739237,439.4738673988015,438.88909877253406
4.179999999999999,1.31377788799763,3.087802129915529,25.244448399367982,0.0772974196782723,6.11768822496629,0.0,1.9208254928533224,2.038639908360736,5.879548111746986,-0.009083625283424757,-0.10031974261148996,0.0,446.8543589562522,445.804628798018,444.5054330684254,445.7973206978028
4.199999999999998,1.3525584730397238,3.1287337830806985,25.362273708668162,0.07711598112353268,6.115732397987056,0.0,1.9572330113560532,2.054525408156253,5.902982818271211,-0.00839959176199448,-0.11037636958034504,0.0,467.79788051156817,465.43400665577536,466.18115012400557,466.34163009515197
4.219999999999998,1.3920377193773368,3.169967149181671,25.480368672932943,0.07699743443199214,6.1135538376973315,0.0,1.9906916224052507,2.068811201941039,5.906513608206729,0.0015447678150824536,-0.11798782172584212,0.0,448.97954785386827,447.1120083211768,447.6269359076669,450.0487818662063
4.2399999999999975,1.4323109654922197,3.2115398994158038,25.599235728272564,0.07705313552346205,6.111205676636498,0.0,2.0366329890830386,2.088463821472205,5.980191925755351,0.008588308851800458,-0.11317214447682351,0.0,509.77302401273096,510.79397867539524,510.0674125353703,511.5744670586516
4.259999999999997,1.47335242343258,3.2534360757016465,25.71867513404551,0.0772263978037282,6.108943295317943,0.0,2.0675128049529947,2.1011538071120497,5.963748651539331,0.006858509308326464,-0.11171504394435201,0.0,429.369471194703,429.7283823330494,431.59397555190236,431.155540188168
4.279999999999997,1.5150612692353498,3.2956062293316615,25.838044831600346,0.07737647589313124,6.1067300691874244,0.0,2.1033717753239687,2.115861555889444,5.973221103944058,0.011939435057915527,-0.11820730832106324,0.0,456.84732764980345,455.28061822596715,453.7869220481222,455.00901766038476
4.299999999999996,1.5575133780803772,3.338079998139596,25.957724481977397,0.07761526563917354,6.104367510632436,0.0,2.1418391091787683,2.1315153249039644,5.9947439337610025,0.011893721081107141,-0.1199892238257812,0.0,467.87156106824114,467.4432935150337,465.54346228385094,465.5325985271321
4.319999999999996,1.6007032557210856,3.380851421543228,26.077631980747483,0.07791852254548282,6.101969662033918,0.0,2.17714865489209,2.1456270154592687,5.996005943247662,0.000458469908812412,-0.12195690164357387,0.0,448.73379519973537,448.24140226746255,449.4402471106624,446.65036985478844
4.339999999999995,1.6446561253576568,3.423927619628854,26.197848044050062,0.07792777837959886,6.099555431387948,0.0,2.2181383087650324,2.161992793103345,6.025600387010101,4.269126682133768e-05,-0.12901485983282018,0.0,475.80735522668516,474.17080049797266,474.1064258460489,474.01054979194896
4.359999999999995,1.6893174286127988,3.46728197398953,26.318028884975273,0.07792904460138228,6.096977794802136,0.0,2.247992016749172,2.17344264296431,5.992483705510902,0.0009508723577099391,-0.12670808249437757,0.0,414.28899781287754,414.8806643321747,415.8390627948674,416.0777220158694
4.379999999999995,1.7347146506323343,3.510920764366639,26.438260068891342,0.07795199374929762,6.094445842622665,0.0,2.2917301852043868,2.1904363947465737,6.030634686095968,-0.0018533033717656115,-0.12881021018614916,0.0,482.12992791024897,481.63985228901345,483.3851294016747,482.7506154950613
4.399999999999994,1.780850013585243,3.554841138754644,26.55851004530362,0.07791677808558095,6.0918895249955,0.0,2.3218061100864675,2.2016010440539238,5.9943629551318836,-0.0037770516497613,-0.13511680618671737,0.0,413.58004205916325,411.8932216654602,412.5526615954596,412.04266902444243
4.419999999999994,1.8276951024844506,3.5990263944925434,26.678570808256925,0.07785003565039084,6.089192285951231,0.0,2.362702779834298,2.216924529736058,6.011713340198791,-0.007971952794072316,-0.13830963548537087,0.0,464.8747593046717,464.1074361118396,464.511964704097,463.5238856612259
4.439999999999993,1.8753452546496072,3.643510365297059,26.798883889532206,0.0776939398758838,6.086429523274582,0.0,2.402312436681365,2.2314725507154938,6.01959478732917,-0.010557791681092691,-0.1356904626936069,0.0,455.71731275505294,456.3279099383591,456.15189428671573,455.53196106767234
4.459999999999993,1.9237505942555095,3.6882681276333704,26.91914119527669,0.07748596044185252,6.083722089027191,0.0,2.4382215239088683,2.2443036829156613,6.006135787119201,-0.008037315698024504,-0.13926117872303756,0.0,435.4879483277792,434.57331302139977,436.45164393602676,437.08255319131297
4.479999999999992,1.9728729296328484,3.7332795461434283,27.039099140731228,0.07734431167850087,6.08096303583511,0.0,2.474012013825029,2.2568381680901224,5.989658758334699,-0.014217534239268453,-0.1320264869701455,0.0,432.42030043433994,434.2267386009435,433.4580149250273,431.89681463696024
4.499999999999992,2.0226795878605883,3.7785274323330156,27.158550374118587,0.07707133074161554,6.078331315826905,0.0,2.5066538089489407,2.267950450868623,5.9554645804012445,-0.01898612897994757,-0.12782893263492578,0.0,414.8850280591019,415.9721599074361,415.67515157980114,414.4193564087144
4.519999999999992,2.073184231501337,3.824012044224561,27.27751421912233,0.07674318161043558,6.075787172436428,0.0,2.543810555125936,2.2805107382859195,5.940919919973141,-0.00883000290557025,-0.12284189699789066,0.0,434.1573402864267,435.39581595905577,433.3988950740768,435.95288390116866
4.539999999999991,2.1244180618527375,3.8697402622579933,27.396099460024587,0.07656788433700079,6.073369759793124,0.0,2.579572480014125,2.292311065057309,5.9176041702524875,-0.0072158252966151035,-0.11396211134124966,0.0,424.7925476409849,427.0570505870351,426.0336334644102,426.44770296310014
4.559999999999991,2.1764346771944387,3.915726735362302,27.51451550417856,0.07642419348168783,6.071156528677623,0.0,2.6220890541559947,2.306336245373551,5.924000245144909,-0.008334441065769508,-0.12545220371018073,0.0,455.6745801513385,452.8987069135646,455.42975702336577,455.1613186351306
4.57999999999999,2.2293194469526685,3.961997945683652,27.633121699414517,0.07625770218705696,6.068648311276904,0.0,2.6663879216669963,2.3207847867614575,5.936619278450667,-0.008962973776720451,-0.12416637830557496,0.0,459.83577136796197,460.1275882384292,461.86653974237925,461.7178902731136
4.59999999999999,2.2829892959219555,4.008520440472205,27.751494780685718,0.07608214080986464,6.066165815842975,0.0,2.700596975261712,2.331464692093805,5.900688848669382,-0.011682568725336595,-0.12287631459995789,0.0,413.61307939229016,413.938639133318,414.3932844072727,413.6753946497316
4.6199999999999894,2.3374032972231427,4.055275347993988,27.869402980040366,0.07585665177058587,6.063724358677694,0.0,2.7408031548570277,2.3440260600844995,5.89013108679521,-0.00764218873632287,-0.12854537567182897,0.0,439.72542916952455,438.30004779410854,438.67883497658113,439.6845583949097
4.639999999999989,2.39268090367556,4.10229951493873,27.98734610563535,0.07570440239688025,6.061154568555816,0.0,2.786957490384729,2.3583906343896954,5.904181472703077,-0.008732510726456422,-0.13004029477169007,0.0,462.88540954160294,462.517874159825,462.5022208328845,462.2445874322434
4.659999999999989,2.448923007192349,4.149622487047044,28.10572948348782,0.07562218066947057,6.058559145461675,0.0,2.8372528612941723,2.373906576441707,5.934156312543995,0.004863701034154875,-0.13332139254307088,0.0,477.80284552420534,477.0374397421153,475.90791878505854,479.0205541300426
4.679999999999988,2.5060886765804,4.197226192730418,28.224327470928742,0.07576690606865544,6.055895667127981,0.0,2.8793140775108843,2.3864639918956363,5.925642431548284,0.014605505641323225,-0.13089259977066567,0.0,442.13393361420293,442.7175473887381,440.89225415424926,443.30080092384435
4.699999999999988,2.5640941696069124,4.245079030990141,28.342727844614068,0.07607984851741278,6.053292769853712,0.0,2.9212352251403835,2.3988198340766416,5.914394936984272,0.02106032336620491,-0.13636155234764405,0.0,439.90475345076834,438.52775849411915,439.55027084179585,441.15242898000713
4.719999999999987,2.622953334550973,4.2931827839016385,28.460948045573165,0.07651409917719221,6.050566070281331,0.0,2.964681269265685,2.4115554570731264,5.907625158925689,0.026168002380347024,-0.1373925465978788,0.0,444.01354906593605,443.74244552784205,444.0387403462814,445.2942913182854
4.739999999999987,2.6826630887921095,4.341534323139253,28.578934148517984,0.07705223797049676,6.047818671458174,0.0,3.0062941548479696,2.423598466688345,5.890985135556158,0.03160468256177844,-0.13644164302810136,0.0,435.3419740495558,435.5627686844354,433.60166526518265,434.97021232313597
4.7599999999999865,2.7432517215080185,4.390140916896603,28.696761018039215,0.07768717619281862,6.045090071172787,0.0,3.052569116742939,2.4370609090465565,5.891701816566807,0.03398987483348569,-0.13712366234802567,0.0,452.0121451500941,451.83031019211523,451.3304645329073,451.90809418430285
4.779999999999986,2.804732727033984,4.439005547024955,28.814444209663613,0.07837093947392049,6.0423476530399505,0.0,3.095531435853623,2.4494021037886586,5.876617345873112,0.03680617894795116,-0.13745566874723067,0.0,437.28269686152476,437.18195442973774,436.0931441198142,436.79898135260913
4.799999999999986,2.867143102239802,4.488138869453417,28.932090447830916,0.07910753677895066,6.039627665242204,0.0,3.145506084728156,2.463930139057546,5.8880064708573165,0.03777955048192987,-0.12982342435935088,0.0,461.9763487094974,463.7620137367278,461.56851040025964,461.79952687230065
4.819999999999985,2.930489975805646,4.537542304181159,29.049689189225315,0.07986624678853271,6.0370364327087245,0.0,3.1891812718562567,2.476413333716655,5.871867668582533,0.04027714930603561,-0.13305945702505595,0.0,437.0513164515859,436.2254408143058,435.89979204525224,436.5263606802742
4.839999999999985,2.9948024519992127,4.587224410154902,29.167312474191203,0.08067336941509584,6.0343851844668155,0.0,3.242066347500401,2.491797263657745,5.890460828006209,0.03849971270111759,-0.12860055613076687,0.0,468.9472035083333,469.97011883609065,469.83069841024684,469.41773995419226
4.859999999999984,3.060225137889993,4.637230634825537,29.28549140430469,0.08150769810970093,6.031829535048836,0.0,3.3002022415776726,2.5088252034057437,5.9274321833422725,0.027156482069360006,-0.12288011827436036,0.0,487.00886319121867,488.27756649299164,486.93441530612176,484.3820605946426
4.879999999999984,3.1268081275581405,4.687576565645029,29.404377347917258,0.08205226780885777,6.029372330776802,0.0,3.3580967252370635,2.525767878543441,5.961162177914525,0.02885357238477952,-0.12377241133450569,0.0,485.50745447649706,485.2942471625032,483.518373539546,483.90197217184647
4.8999999999999835,3.1945065950464144,4.7382472506903195,29.523753526001375,0.08264163119080425,6.026926010921617,0.0,3.411750023590327,2.541300625985647,5.976455630497007,0.03381178461321379,-0.11613980083666361,0.0,467.263390982964,469.0324545923424,468.5158086976932,469.6713359094289
4.919999999999983,3.263278751072673,4.789228252694793,29.64341870381117,0.08333103863878932,6.024603451716315,0.0,3.4654655790355235,2.5567995744616274,5.990062150482809,0.02867919156083898,-0.11682800346806085,0.0,467.45092671621927,467.2786302936143,468.42923390000027,467.2304253667347
4.939999999999983,3.3329293141970426,4.8404573705389895,29.762600154842893,0.08392268173225315,6.022280979153432,0.0,3.499590733401421,2.5661122099580815,5.928082952689324,0.022669322635948317,-0.12213601749969542,0.0,392.90104627753664,391.40718216789674,393.15678418410505,391.4825497241568
4.959999999999982,3.4035260930456945,4.891955253079026,29.881515796298387,0.08438773647979492,6.019838936499545,0.0,3.560087151463771,2.5836760440455304,5.96348119286038,0.01783852667202555,-0.1233002306296816,0.0,488.2493117509128,487.97657751034905,487.23100554618895,486.1460499296013
4.979999999999982,3.4753131144336322,4.9437973901802685,30.001046149628415,0.08475418614375396,6.017376343321708,0.0,3.618614987330007,2.6005376660787576,5.989554140142345,0.022238329058201813,-0.12591229293984058,0.0,480.2276627387166,479.6202046183159,479.2600816023997,480.2624067341673
4.999999999999981,3.54826663093734,4.99597442500761,30.12106355958247,0.08531153732220975,6.014888750712991,0.0,3.6767366630407987,2.617165816655418,6.012186855262987,0.03724396781777671,-0.11808244618784948,0.0,476.3120551375271,478.0922905062643,475.89110343781914,479.32529408258114
5.019999999999981,3.6223335203745215,5.048468187223715,30.241336570616713,0.08612127622642873,6.012528024146771,0.0,3.72995228067734,2.6322104049550816,6.015114248161425,0.025854538695715995,-0.11944064907263086,0.0,459.95957580497526,459.6246762712034,461.28427688617023,458.5780419854273
