time,x,y,z,phi,theta,psi,x_velocity,y_velocity,z_velocity,phi_velocity,theta_velocity,psi_velocity,rotor_speed1,rotor_speed2,rotor_speed3,rotor_speed4
0.02,0.0,0.0,10.000875584956555,4.411887969357764e-05,4.271965323709992e-07,0.0,0.0,0.0,0.087558495655449,0.009393495589358739,0.0009243338492785032,0.0,485.2006733031772,485.40877447764285,485.1788708554482,487.2896455269701
0.04,-9.941383361000743e-10,1.0267000380953852e-07,10.002991876603563,0.00023866735700206476,1.892258186941831e-05,0.0,-9.941383361000742e-08,1.026700038095385e-05,0.12407066904519437,0.005738754689926229,0.0010563062036368586,0.0,440.4622631233247,440.49497813935034,439.81872113517545,438.9097447398433
0.06,-5.1171531327420224e-08,9.158112596742742e-07,10.006057935851858,0.0003554655587825195,5.426385125240074e-05,0.0,-4.918325465522007e-06,7.104712520551971e-05,0.1825352557843118,0.007750275498600131,0.006388312450922978,0.0,460.0456580661381,461.31024522248777,459.50420502793867,459.98215547831893
0.08,-2.825202904341379e-07,3.207878970529462e-06,10.010197300809835,0.0005112533107745065,0.00018307326024746828,0.0,-1.8216550445149757e-05,0.0001581596458799991,0.23140124001324136,0.006499482134615995,0.007832722348718495,0.0,450.81706191325696,451.16689156961246,452.1051990984095,451.8027004451514
0.1,-1.109066038072188e-06,7.661860065283129e-06,10.015388078104886,0.000674660504149216,0.0003515239036451234,0.0,-6.443802431865524e-05,0.0002872384635953675,0.2876764894918321,-0.0016757916445286226,0.012689922452253522,0.0,457.48596843465305,458.64442891271415,459.4389428186492,457.49050400423016
0.12000000000000001,-3.112010713051799e-06,1.4777323578797945e-05,10.02121128762741,0.0006480761440847971,0.0006053267372747584,0.0,-0.00013585644317930582,0.00042430788775611424,0.29464446276064504,0.002047506040585129,0.012596278607571594,0.0,411.30836734840227,411.28338512714964,410.4694236405533,411.4593623870035
0.14,-7.2111206646226055e-06,2.4743060202211e-05,10.027425209393394,0.0007002316051991642,0.0008814191832851037,0.0,-0.0002740545519777748,0.0005722657745851913,0.3267477138376606,-0.0026864859962173193,0.01954852628143173,0.0,435.03753103717935,436.78001704398974,436.31296728987473,435.1258184872829
0.16,-1.4499192021760486e-05,3.7623905862022806e-05,10.034048243178313,0.0006465026057220769,0.0012937791529443743,0.0,-0.0004547525837360134,0.0007158187913959893,0.33555566465412157,-0.0026485268912430234,0.026089083448945845,0.0,411.7566874810897,413.4886185964376,413.3947650081948,413.40485186022636
0.18,-2.7129767407603586e-05,5.3706983835847755e-05,10.041530064746713,0.0006040091413517246,0.0018185752372845698,0.0,-0.0008083049548482967,0.0008924890059865057,0.4126264921857991,0.0019290430872655798,0.028544451185742475,0.0,476.30081586871125,476.86382399394756,476.52254993600286,477.57104344975545
0.19999999999999998,-4.893762024425422e-05,7.343057340824956e-05,10.050922883877275,0.000691098251758504,0.0025325367333266513,0.0,-0.0013724803288167665,0.0010798699512536744,0.5266554208703826,0.01177873837816996,0.01162863182473375,0.0,510.1331964525688,506.49725641687434,506.76362134806317,508.88282273201503
0.21999999999999997,-8.212984302799398e-05,9.659505626599198e-05,10.061761522110336,0.000947305032825696,0.0027877709301016296,0.0,-0.001946741949557211,0.0012365783345205678,0.5572084024357086,0.0182024465757462,0.00489638698654576,0.0,435.0218046598617,433.32746020633965,434.05419477550345,435.6681019932313
0.23999999999999996,-0.00012836253771801733,0.00012380647861731807,10.073561492340424,0.001321990962272146,0.002898668936986759,0.0,-0.002676527519445124,0.0014845639006120404,0.6227886205731139,0.01359007236471226,-0.00019679809835398184,0.0,467.8875534461286,466.6965612342786,466.97982885090005,465.8993004537443
0.25999999999999995,-0.00018941595133653216,0.00015692868180164802,10.086650536006028,0.0015950965757154378,0.0029408210296058,0.0,-0.00342881384240636,0.0018276564178209536,0.6861157459872407,0.011975039145720828,0.009404040884414322,0.0,463.9978582525229,466.25322424856967,464.9129709185197,464.53312644009213
0.27999999999999997,-0.0002666590512778958,0.00019818265817268308,10.101357911637146,0.001848529312622027,0.0031300206584639056,0.0,-0.00429549615173,0.0022977412192825546,0.7846218171246285,0.006696411674143922,0.010899909307828913,0.0,495.06314342432137,495.39305033971755,496.27325278784383,495.10955800032355
0.3,-0.00035974858079408233,0.00024837758998508155,10.11738212054893,0.0020467014787808324,0.003351430763401275,0.0,-0.005013456799888647,0.0027217519619572904,0.8177990740537894,-0.00463883712560853,0.008287661700566808,0.0,438.3867057700487,437.7350108659832,438.0451335257868,435.2083908773714
0.32,-0.0004682815725973789,0.0003078592817654621,10.134241850207186,0.002037988075016095,0.0035491164328709246,0.0,-0.005839842380441009,0.003226417216080765,0.868173891771865,0.008327530040848024,0.016279211670180635,0.0,451.3615715098892,453.29191661448743,453.0102951983256,456.12712892980755
0.34,-0.0005934480322735996,0.0003771936060262393,10.15200152773293,0.0022053602055640553,0.0038852490215548485,0.0,-0.006676803587181054,0.003707015209996953,0.9077938608025174,0.007045711230640661,0.011686096108849322,0.0,443.73052626796886,442.59796496986394,444.1095161058371,443.7939148349326
0.36000000000000004,-0.0007374808383904873,0.00045729203427360943,10.170897062240853,0.002398087423508777,0.0042305865329144154,0.0,-0.007726477024507717,0.004302827614740061,0.9817595899897036,-0.0031339737676365706,0.02662701905108453,0.0,473.05579723929645,476.4942038457446,475.84739195744834,473.5040115046555
0.38000000000000006,-0.0009013265920069434,0.0005486293504632067,10.190772330086267,0.0023358106031690085,0.004766563617731201,0.0,-0.00865809833713789,0.0048309040042196685,1.0057671945516156,-0.0022365830912553434,0.029248737493325634,0.0,429.18279072167604,429.84992644066546,428.1191446801842,428.3481826967417
0.4000000000000001,-0.0010865203032647233,0.0006511433654396533,10.21144983064361,0.0023526816062693356,0.005362223277253442,0.0,-0.009861272788640112,0.005420497493425,1.0619828611827669,-0.013336372722157899,0.033871487682505294,0.0,459.04561886055916,460.14488087418187,459.89717534785495,457.25242406646686
0.4200000000000001,-0.0012954405946987977,0.0007646843111838214,10.232908414027445,0.002086973585099905,0.00604174963203441,0.0,-0.011030756354767322,0.0059335970809918075,1.0838754772007722,-0.011908483879466598,0.0359192186856955,0.0,426.5669052360216,427.0916397768932,426.94702239713126,427.31241132925413
0.4400000000000001,-0.001530608901887511,0.000888383133600436,10.255032643186812,0.0018650333553216214,0.006762778721198792,0.0,-0.01248607436410401,0.006436285160669653,1.128547438735882,-0.017605754771999736,0.0336193424063089,0.0,449.2598764135209,448.70072111550866,449.033289577224,447.64489696950375
0.46000000000000013,-0.0017962688489176397,0.0010215041483501081,10.27799832779498,0.001536957990481369,0.0074360601284428895,0.0,-0.014079920338908859,0.0068758163142975635,1.1680210220810519,-0.02453969024899167,0.032281763161473645,0.0,442.87600661420754,442.5463301866098,445.9531462298264,444.2510106921709
0.48000000000000015,-0.0020987784452384506,0.001163342380105597,10.302208808388473,0.0010693531462644401,0.008081731971434358,0.0,-0.016171039293172273,0.007308006861251326,1.2530270372680985,-0.01772955651127079,0.032011282989158764,0.0,484.07572690464457,484.01496414716837,484.7204870683506,486.2531971401432
0.5000000000000001,-0.0024411127106438294,0.0013120048611823974,10.327647552013659,0.0007188143765777255,0.008761623308460642,0.0,-0.018062387247365586,0.0075582412464287145,1.2908473252506238,-0.01488267732928258,0.04091809804769653,0.0,441.73329707428434,443.93143088700117,442.08466330809944,442.7878269324622
0.5200000000000001,-0.0028252701856475294,0.0014650489655109406,10.354117188945398,0.00047556621279376543,0.009582876827588294,0.0,-0.020353360253004438,0.007746169186425593,1.356116367923495,-0.0044514374411836356,0.04332290913112667,0.0,467.24471634983377,467.8075491209651,466.8508948750387,469.2861390232902
0.5400000000000001,-0.0032545203903173946,0.0016210729445658204,10.38159227779841,0.00044048223954540333,0.010476778873167447,0.0,-0.022571660213982072,0.007856228719062401,1.3913925173776012,0.005935552072179072,0.050731534233844,0.0,440.13829892495295,441.9748096636045,438.6351102894013,441.2151356935877
0.5600000000000002,-0.0037287482862310064,0.001779155607963929,10.40963375559059,0.0005592853755613802,0.01149264119807647,0.0,-0.024851129377379103,0.007952037620748439,1.4127552618403671,0.0055063794439435,0.05230101837361178,0.0,426.7460116273217,427.1494463483849,427.60832338797195,427.4985409498271
0.5800000000000002,-0.004258642067676666,0.0019397957077809632,10.43878690029171,0.0006721800206843653,0.01254360918092079,0.0,-0.028138248767186826,0.008111972360955004,1.5025592082716064,0.0031539099991236487,0.049155349804867285,0.0,490.2890925204176,489.58902617600125,489.1365063618471,488.6106035324292
0.6000000000000002,-0.00485611804418398,0.0021038948833311086,10.46964313369222,0.0008334957548976618,0.013528602105064458,0.0,-0.031609348883544525,0.008297945194059526,1.5830641317794032,0.01717086646129371,0.0510974764981019,0.0,481.07371801401393,481.5159418361549,480.44755171458087,483.6249015649639
0.6200000000000002,-0.005519460853659862,0.002271772929266009,10.501645200626871,0.0011769243071437785,0.014550799063864694,0.0,-0.03472493206404373,0.008489859399430484,1.617142561685792,0.017320686490943538,0.05180093770988387,0.0,440.001060354043,440.1774214696111,439.8805273040516,439.9176680822652
0.6400000000000002,-0.006252854951357134,0.0024447156668302985,10.534698903030478,0.001538052469841844,0.01559447310850981,0.0,-0.038614477705683506,0.008804414356998469,1.6882276786747574,0.022745524346503742,0.055713811448518544,0.0,473.30802624963934,474.2120620770283,473.17595818636323,474.4269671694786
0.6600000000000003,-0.0070625713431805605,0.002624494748705357,10.568901222189853,0.0019995534073977694,0.01671250570942462,0.0,-0.04235716147665909,0.009173493830507376,1.7320042372628992,0.019114973251695047,0.058454749953579015,0.0,447.9426888030733,448.61288881215063,450.9371811589586,450.05658945344646
0.6800000000000003,-0.007956068320103314,0.00281350981590279,10.604352591224512,0.002401377967527374,0.017941347210404857,0.0,-0.04699253621561617,0.009728012889235896,1.813132666203041,0.012865958113988538,0.06938603550546232,0.0,481.4893663475238,483.9658765420677,483.68254056597027,482.26864939934126
0.7000000000000003,-0.008926456297065984,0.003012156664957256,10.640355064727022,0.0026590224270330864,0.019339823850599736,0.0,-0.05004626148065093,0.010136672016210725,1.7871146840480647,0.012059363759992902,0.06474794751894587,0.0,379.5791343029726,378.24611949822673,380.83206312066125,380.6004618544505
0.7200000000000003,-0.00996253319267001,0.003219722202574374,10.675952649018363,0.0029008031418564784,0.020713413195452723,0.0,-0.05356142807975147,0.010619881745501032,1.7726437450860983,0.01096992388261144,0.07728831389905103,0.0,391.21090814558744,394.70184734891427,391.51913188306133,391.21484657190365
0.7400000000000003,-0.01108335122390837,0.0034390632615884514,10.711837185064244,0.0031313179328131824,0.02225981631492502,0.0,-0.05852037504408457,0.011314224155906757,1.8158098595019259,0.006254775252072939,0.07841688954258581,0.0,449.9429329415619,450.2215914804554,448.716141379248,447.5662992677647
0.7600000000000003,-0.012315637261639204,0.0036740504787314836,10.74897067469182,0.003287269659148606,0.023837084526107333,0.0,-0.06470822872899883,0.012184497558396444,1.8975391032558462,-0.0016009514863340015,0.07419068076146586,0.0,484.0377127086518,483.0870691553422,484.62413419483306,482.8494907322685
0.7800000000000004,-0.013667486284772839,0.003925693528138487,10.787378859387424,0.0032592772335791054,0.025357762570515696,0.0,-0.0704766735843646,0.012979807382303952,1.943279366304494,-0.004438769012876428,0.08277723177791528,0.0,451.031863241959,453.11157094977256,452.1175096752222,451.4311457834158
0.8000000000000004,-0.015136635278376607,0.004192950047614251,10.826632827821847,0.0031817938007572266,0.027014939543144045,0.0,-0.07643822577601227,0.013745844565272381,1.9821174771379106,-0.00919102057093486,0.0845840727060689,0.0,445.4759827086462,445.92452628236504,446.2734537917468,445.10838796945774
0.8200000000000004,-0.016724294595317952,0.004474801286500787,10.86649263142534,0.002999301566530832,0.028716837603471213,0.0,-0.08232770591812212,0.014439279323381182,2.0038628832114176,-0.007561187946247614,0.08006376160937945,0.0,430.4797762215311,429.3369303634782,429.0864269244724,429.5014110220496
0.8400000000000004,-0.01843803621964809,0.004770601657366043,10.906946794729334,0.0028647838404918247,0.030322958732478256,0.0,-0.08904645651489146,0.015140757763144393,2.0415534471880514,-0.01334150504586672,0.08317692617916768,0.0,444.7779369180749,445.5472696041516,445.2768109153856,443.85612707720463
0.8600000000000004,-0.020289019390403076,0.005080032480389822,10.948125300928956,0.002605766432851375,0.03201186012924584,0.0,-0.09605186056060716,0.015802324539233494,2.076297172774076,-0.009388609075320412,0.0760547252294849,0.0,443.4005084066976,441.6474632358213,441.49208283396416,442.46950481086515
0.8800000000000004,-0.022280855377451336,0.005401839212080532,10.989900000562534,0.002418701901746978,0.03358827326525127,0.0,-0.10313173814421905,0.016378348629837575,2.101172790583824,-0.008198944919433026,0.08657315015106158,0.0,430.85067641757627,433.5149456358424,433.6987857839321,433.998551172967
0.9000000000000005,-0.02441990951312772,0.005734906174739303,11.032235632464706,0.002259142225784494,0.03532135287652416,0.0,-0.11077367542341926,0.016928347636039426,2.1323903996335063,-0.011171897131090066,0.08477503544306315,0.0,439.0240711685532,438.58258487651943,439.92200876624383,439.18303477165944
0.9200000000000005,-0.026716247721898154,0.006078642030237015,11.075209722493145,0.0020634267551971064,0.037027089952597514,0.0,-0.11886014545362408,0.017445237913731763,2.1650186032102945,-0.003725760947240895,0.08025035485489704,0.0,441.41319608224114,440.2976202295129,439.51864015558107,441.3661738491131
0.9400000000000005,-0.029177180201668356,0.0064322095581731235,11.118808180395549,0.0019936279259900047,0.038638871902994865,0.0,-0.12723310252339598,0.01791151487987908,2.1948271870301004,-0.0067970439814008495,0.08393134746534892,0.0,437.7977705241373,438.72087177805656,438.3725373525602,437.60634379370015
0.9600000000000005,-0.031810005279514934,0.006794985244307096,11.163023093319543,0.0020209191882214483,0.040334710908334515,0.0,-0.13604940526126197,0.018366053733518236,2.2266641053693834,-0.024865366640667075,0.07806414096939714,0.0,441.0887207334215,439.6386126756235,442.23883744085475,437.7515596491043
0.9800000000000005,-0.03462148623599987,0.007166836538939411,11.207836463955166,0.001536030170663949,0.04189704747778755,0.0,-0.14509869038723197,0.018819075729713218,2.254672958192978,-0.029849002914604756,0.0766124178106739,0.0,438.1092698446676,437.75197868449453,436.0838720851509,434.83314364892215
1.0000000000000004,-0.037645182980375246,0.007547676564637353,11.253871231708178,0.0009463991564562235,0.04346876676430789,0.0,-0.1572709840503053,0.01926492684008105,2.3488038171081143,-0.03368281148685376,0.0677274945913073,0.0,497.0991325640196,495.1461431042017,495.9907366759735,495.14519164437957
1.0200000000000005,-0.04087836114405533,0.00793488296421683,11.3009026072234,0.00027276170863199667,0.044828427185056086,0.0,-0.16604683231770356,0.019455713117866813,2.354333734414058,-0.033488997594270896,0.06453045567319769,0.0,416.1959999070413,415.3595218603966,414.80018913890785,414.85070067878416
1.0400000000000005,-0.04428651383434016,0.008324525849155976,11.347971164259771,6.282790486595414,0.04612983370413026,0.0,-0.17476843671077885,0.019508575376047683,2.352521969223268,-0.035585499004484766,0.06917747743127156,0.0,406.8564657722273,408.10617248572277,408.6325676893975,408.07097220763495
1.0600000000000005,-0.047877810539056743,0.008713875188674272,11.395137222772066,6.282092991388026,0.04751881797261781,0.0,-0.1843612337608795,0.019426358575781927,2.364083882006163,-0.030253562638982608,0.06588059409645025,0.0,421.8689523158098,421.0180064165962,420.5647782162646,421.9472976210596
1.0800000000000005,-0.05167272664904647,0.009099927072813117,11.442720993702114,6.281501611395683,0.04883687307047513,0.0,-0.1951303772380928,0.019178829838102672,2.3942932109986175,-0.03548639369632315,0.06682209919836415,0.0,439.6261508231559,439.86338395393034,439.81691870593164,438.5145330254926
1.1000000000000005,-0.055706670707029914,0.009478977845102338,11.491331444200013,6.280792348275654,0.05020618725686443,0.0,-0.20826402856025145,0.018726247390819434,2.46675183879125,-0.03452228385023259,0.05871380684766478,0.0,478.6513539604609,476.79964061400995,478.0616678857363,478.28154068182835
1.1200000000000006,-0.05998835517594755,0.00984795813572716,11.541020406530318,6.2801268145880975,0.051394133451156065,0.0,-0.21990441833151242,0.018171781671662855,2.5021443942394157,-0.027463673583439818,0.05348502929682662,0.0,445.84878990185007,444.5677734292801,443.5849589061047,445.3199594620708
1.1400000000000006,-0.06450533081954615,0.010204324185301681,11.591411765350362,6.279577705531445,0.05247724675662013,0.0,-0.23179314602834672,0.01746482328578917,2.5369914877648805,-0.028037110617230014,0.058664357347299516,0.0,443.39655955163306,444.67308971151624,445.0329038604653,444.89189039554486
1.1600000000000006,-0.06926404147205861,0.010545182939755416,11.64252757049338,6.279017383185412,0.053661420795481085,0.0,-0.24407791922289995,0.016621052159584433,2.574589026537016,-0.027120741355808463,0.05399811862328899,0.0,448.39920541336767,447.2629418119446,446.5463107535894,446.77030457715375
1.1800000000000006,-0.07426755002490779,0.01086814167652719,11.694326797955743,6.278475798107497,0.05474914751608484,0.0,-0.2562729360620168,0.015674821517592842,2.605333719699244,-0.02840895655688033,0.057938765305722374,0.0,440.1029526652366,441.08229731700976,441.5950631406447,441.2759846926328
1.2000000000000006,-0.07951594530872799,0.01117107520028091,11.74671359809609,6.277954082143584,0.055908324998227066,0.0,-0.26856659232000457,0.014618530857779227,2.633346294335474,-0.03804878718050204,0.058835622069800926,0.0,438.05313646338453,438.2791906376338,440.2165540386201,437.81680441136365
1.2200000000000006,-0.08501251244511139,0.011451742620843143,11.799654990346083,6.27719355571076,0.057085220455681984,0.0,-0.28109012131833455,0.013448211198444106,2.6607929306638494,-0.037100830657478975,0.058230616187065064,0.0,437.9142117462306,437.76568651852637,438.4623716513627,438.6978509735544
1.2400000000000007,-0.09077928233600438,0.011705511422000695,11.853444226239452,6.276459078804299,0.05825002669974477,0.0,-0.29558686777096416,0.011928668917311083,2.718130658673172,-0.04098405269327484,0.057607847655984215,0.0,465.00175004070337,464.8575649412432,467.33149730274664,466.42201452831875
1.2600000000000007,-0.09681499309242905,0.01192979132093771,11.907969232522461,6.275639683660941,0.05944810191199501,0.0,-0.3079842078715037,0.01049932097639049,2.734369969627735,-0.041740241170817816,0.06719098483858826,0.0,426.1502662130825,428.6031080666764,428.5148423716098,428.3210033728603
1.2800000000000007,-0.10313514219187218,0.012119442112262499,11.963389025200987,6.274804882978096,0.060791927315225536,0.0,-0.3240307020728102,0.008465758156088216,2.8076092982249956,-0.04164924039729381,0.06729781609499413,0.0,480.0129238050695,480.04025502155406,480.55053033049336,480.57043314761677
1.3000000000000007,-0.10973856625504132,0.012271858360796485,12.019595088685994,6.2739931763480286,0.06213837778423237,0.0,-0.3363117042441027,0.006775866697310362,2.8129970502757247,-0.04817276366007349,0.06829194597255135,0.0,417.5583708415756,417.8221761428942,418.6218097152177,416.9143139894039
1.3200000000000007,-0.11664355817419438,0.012380978944625622,12.076764095286112,6.273043484317498,0.06350504192364337,0.0,-0.35418748767120245,0.004136191685603342,2.9039036097360786,-0.05341933257141279,0.06957664045792132,0.0,495.1723593694465,495.45878300982736,496.8525945634433,495.696166190755
1.3400000000000007,-0.12387177959114119,0.012440677442954863,12.135149923690891,6.272029499781745,0.06489717380054572,0.0,-0.3686346540234803,0.001833658147320792,2.934679230741836,-0.042988405893987884,0.07067123421245364,0.0,441.9487070290469,442.2229913987674,442.4069402020422,444.97418710491775
1.3600000000000008,-0.13141268027892133,0.012448496005673975,12.19446742783687,6.27117065325287,0.06631656966408173,0.0,-0.3854554147545333,-0.001051801875409601,2.9970711838560433,-0.04434604281500957,0.0741270059893509,0.0,470.9919511207872,471.7965854079228,472.53703805562674,472.22206329171007
1.3800000000000008,-0.13926539602918597,0.012401503956409977,12.254606652332138,6.270283993226769,0.067826691433309,0.0,-0.3998161602719311,-0.0036474030509902862,3.0168512656708764,-0.045068303430338644,0.0815542059247464,0.0,432.6765782729228,434.5528613230831,432.470390879311,432.28666354194087
1.4000000000000008,-0.14743799705748656,0.012295105265363112,12.31557390743938,6.2694005536333215,0.06946213758388975,0.0,-0.4174439425581287,-0.006992466053696274,3.0798742450532335,-0.03908057010978239,0.0845078586077998,0.0,471.9915136447086,472.67982803140796,472.8364888813248,474.2172976264134
1.4200000000000008,-0.15594425041381166,0.012124107307882437,12.377468482383765,6.268620021939956,0.0711689017932029,0.0,-0.43318139307437953,-0.01010732969437133,3.109583249385452,-0.0376110743934548,0.07874469330432543,0.0,443.93477724954255,442.519685485967,442.5615497631685,442.92349849800496
1.4400000000000008,-0.16479056032512923,0.011884673320817859,12.440257601595778,6.267885559044704,0.07275223124228258,0.0,-0.4514495980573798,-0.013836069012086375,3.169328671815871,-0.031651444771318225,0.08285214579772117,0.0,469.77466699929926,470.73376824154786,470.26238917206115,471.6446889826032
1.4600000000000009,-0.17394204487997714,0.011582278721814773,12.503359706364265,6.26728142943502,0.07443195138338687,0.0,-0.4636988574274097,-0.016403390888222145,3.1408818050328073,-0.03925398194542315,0.07611757451958275,0.0,385.46765301921806,383.5603185032606,386.63179548830135,384.4763140430962
1.4800000000000009,-0.18339434743647282,0.01121622548036382,12.56660326020195,6.266497062318425,0.0759543272293337,0.0,-0.4815313982221586,-0.02020193325687326,3.1834735787358057,-0.040447734276452346,0.07633828045475559,0.0,455.8925956779447,455.94990882857735,455.02546777554215,454.737945348008
1.5000000000000009,-0.19319600338302367,0.0107747350653303,12.63055443031132,6.2656894529030325,0.07748169374065839,0.0,-0.4986341964329291,-0.02394710824647869,3.21164343220131,-0.04208802091908315,0.07524201202982778,0.0,441.99875454486926,441.73226349974703,442.9036314228432,442.49786410790085
1.520000000000001,-0.20336914813105036,0.010250678711717044,12.695403332695607,6.264848597000896,0.07903418499708703,0.0,-0.5186802783697402,-0.02845852711484716,3.2732468062272715,-0.04074301813497112,0.06547973608286031,0.0,474.8173975736113,472.5692933165996,472.073492593138,472.3839054429038
1.540000000000001,-0.21391239219966263,0.009642300026841516,12.761044016572232,6.264047221478666,0.08037166584147304,0.0,-0.5356441284914846,-0.0323793413727057,3.2908215814352277,-0.03554978398448678,0.07294781786185986,0.0,431.83865969205954,433.72775445821986,432.16833405188925,433.4786638920853
1.560000000000001,-0.22479539358219733,0.008954368143040618,12.827006073436756,6.263339401369375,0.08183213075544593,0.0,-0.5526560097619849,-0.03641384700738406,3.305384105017249,-0.03806993096352092,0.0746848018777418,0.0,429.2403142755649,429.686650276047,430.92901049722434,430.2888234257188
1.580000000000001,-0.23603469476326702,0.008181124695773662,12.893417047274337,6.262581794973954,0.08335100316199551,0.0,-0.5712741083449818,-0.04091049771931147,3.335713278740873,-0.03531594336411367,0.06758883555956259,0.0,446.6879619421671,444.9528816460658,444.24421759069736,444.92048307549874
1.600000000000001,-0.24762878819101902,0.007321426534593225,12.960182506009783,6.261881487760585,0.08470319703252205,0.0,-0.5881352344302178,-0.04505931839873223,3.340832594803673,-0.03184847918625364,0.06667542509837558,0.0,420.9191114185419,420.6856003151977,421.0355707519519,421.9340212885614
1.620000000000001,-0.2595975386235721,0.006368646515027909,13.027458450189606,6.261244696390872,0.08606917120072133,0.0,-0.6087398088250925,-0.05021868355779944,3.386761823178506,-0.031251463254294516,0.0747334231415644,0.0,458.7718370236118,460.6904638896004,459.9739563690058,460.11544759557626
1.640000000000001,-0.27196099645745836,0.005316413863522941,13.095412514068567,6.260622104702396,0.0875677000235413,0.0,-0.6276059745635348,-0.05500458159269731,3.4086445647176267,-0.033459438168438306,0.0775120414993053,0.0,436.98979702436407,437.6886070672874,438.6306055057359,438.0797892257428
1.660000000000001,-0.28472536114817937,0.0041619005063322665,13.164034868318286,6.259953003474267,0.08911890746989837,0.0,-0.6488304945085621,-0.06044675412637021,3.4535908602543075,-0.03304102392400985,0.07890244890073995,0.0,459.4965756073369,459.8316954521112,459.2737344754414,459.37288007821917
1.680000000000001,-0.2979658487530747,0.0028844970345980694,13.234091199392264,6.2593001281188805,0.0907380019528281,0.0,-0.6752182659809703,-0.06729359304704947,3.5520422471434405,-0.029054766759097045,0.0698420399789333,0.0,506.44804556913937,504.4933575697379,506.2781737454364,507.13761331037045
1.700000000000001,-0.3117012542474052,0.0014781251513971859,13.305702456919052,6.2587548269862285,0.09214482532421453,0.0,-0.698322283452081,-0.07334359527303887,3.609083505535395,-0.03751575990769118,0.07431027717223267,0.0,469.8837550016514,470.9252319824054,473.2434788261323,471.2853769854976
1.720000000000001,-0.3258411981718626,-3.4455013128222184e-05,13.377792666315559,6.2580067510595985,0.09363593803502113,0.0,-0.7156721089936546,-0.07791442117950194,3.599937434115151,-0.039632016755817845,0.07744306103384099,0.0,408.1899443816161,409.0326925797768,409.5596736038988,408.9937767184091
1.740000000000001,-0.34039475322433527,-0.0016569432033364437,13.45037862662694,6.257220573119348,0.09526668240839076,0.0,-0.7396833962536187,-0.08433439784132021,3.6586585970230017,-0.03603691039696212,0.064645940053475,0.0,474.86625375224037,471.91634634082754,472.6326583831679,473.46251604986395
1.7600000000000011,-0.3554467701830164,-0.0034136378708114197,13.5242853957564,6.2565006254033015,0.09656393295194032,0.0,-0.7655182996144978,-0.09133506890617739,3.7320183159231575,-0.037294282174586045,0.06758931990679405,0.0,486.4959191224675,487.15932520048733,486.1054069767007,485.8221887083832
1.7800000000000011,-0.3710042603275954,-0.005308208451802159,13.599506523689993,6.255769683998098,0.09791899561446815,0.0,-0.7902307148434036,-0.09812198919289652,3.7900944774360337,-0.03182724672769333,0.06502952913736974,0.0,474.50164607676595,473.91483341231196,472.3738502375706,473.63641909974785
1.8000000000000012,-0.3870079805909771,-0.00732599104589619,13.675364561490271,6.255139879096355,0.09922183876627688,0.0,-0.8101413114947608,-0.10365627021650652,3.7957093025917295,-0.035498767613924107,0.06290699807201211,0.0,424.6799144750994,424.1366779459085,426.59602452506584,425.65397379530236
1.8200000000000012,-0.4034146451435783,-0.009456299679330954,13.751355161783541,6.25443047640433,0.10049660544962702,0.0,-0.830525143765358,-0.10937459312696977,3.8033507267353817,-0.036568964096193354,0.06867357797863098,0.0,427.10494157043934,428.58099499256224,426.98480159843683,426.71018447957715
1.8400000000000012,-0.4202654600402836,-0.011712055195167279,13.827833511025437,6.253700004865763,0.10187033496176046,0.0,-0.8545563459051715,-0.1162009584566628,3.844484197454085,-0.037916364078904995,0.06795531262223983,0.0,458.65603756136176,458.48826480175376,459.6888739634732,459.36786848905393
1.8600000000000012,-0.4376008564907911,-0.014106245657575003,13.905140377677471,6.252944602839133,0.10323135852480636,0.0,-0.8789832991455787,-0.12321808778410955,3.8862024677492704,-0.03549758134839852,0.06991353150754222,0.0,459.7739182161937,460.242444866638,459.5515485169031,460.12576882597693
1.8800000000000012,-0.45542825969931156,-0.01664261451471361,13.983282828127921,6.252282590241624,0.10462984446263945,0.0,-0.9037570217064655,-0.1304187979297512,3.9280425772957788,-0.025705847134441184,0.07056974440323374,0.0,460.8716962916452,461.0308085846816,458.6494916676455,460.9762621931093
1.9000000000000012,-0.4737614829041509,-0.019326608096615273,14.062327846039361,6.251858283054839,0.10604456846203014,0.0,-0.9295652987774633,-0.13798056026041547,3.9764592138482344,-0.039108067540306005,0.06798939120025561,0.0,466.68526078799925,466.0841624482411,468.5239867976967,465.3872206162722
1.9200000000000013,-0.49261101646846767,-0.02216186802650504,14.142309021880477,6.251085898122035,0.10741472962351928,0.0,-0.9553880576542172,-0.14554543272856088,4.021658370263327,-0.03468620865451894,0.07254424300555387,0.0,463.28710182420565,464.36359141526816,464.01660574794244,465.05621023956775
1.9400000000000013,-0.5119926034312439,-0.02515391560959253,14.223307022324644,6.25039222111751,0.10886566164549016,0.0,-0.9827706386233969,-0.15365932558018833,4.078141674153403,-0.03437906515314916,0.07223712133711087,0.0,475.2336167402371,475.16668268405857,474.0142172750422,474.0846011707067
1.9600000000000013,-0.5319340216185647,-0.028312513052280927,14.305511408715441,6.249715822278203,0.1103105115458014,0.0,-1.01137118010869,-0.16220041868865118,4.142296964926498,-0.03910822232033579,0.07270074525496505,0.0,480.9300820314489,481.03902027427415,483.16073768521005,482.08946270684083
1.9800000000000013,-0.5524219620908041,-0.031634819747301195,14.388733794391177,6.248937444006575,0.11176464799606656,0.0,-1.0374228671152468,-0.17003025081337556,4.179941602647112,-0.04186001256643346,0.07319378717160935,0.0,458.0297629916739,458.1513108077997,459.7184919918308,459.06313398888494
2.0000000000000013,-0.5734381734962947,-0.03511667715079152,14.472742084786729,6.248122112548369,0.11322852813432682,0.0,-1.0641982734338153,-0.17815548953565669,4.220887436908139,-0.03524657274686025,0.07310003400194277,0.0,462.08959918588954,462.07136094550333,461.3305840992267,462.89379032473903
2.0200000000000014,-0.5950333815240239,-0.03877527062548456,14.557919789588015,6.247421425117187,0.11471393479158642,0.0,-1.0953225293391058,-0.18770385793364758,4.296883043220371,-0.038159998137819354,0.07994196022498508,0.0,492.48176644835434,494.00130157936076,493.4840242604988,492.8379878068043
2.0400000000000014,-0.6171861515527445,-0.042605294021447915,14.644017945556959,6.246674174975624,0.11635281430857347,0.0,-1.119954473532964,-0.19529848166268804,4.3129325536740435,-0.03251202129786292,0.08889073807307155,0.0,439.46767206912534,441.69272720907657,438.80015299055316,440.2039229681847
2.0600000000000014,-0.6398706195082761,-0.046599867596055056,14.730740107621203,6.246026234538078,0.11813968482213788,0.0,-1.148492322020198,-0.2041588757980257,4.359283652750541,-0.03036726564220483,0.08463497677736805,0.0,469.4373335740526,468.4516369253387,467.21298269860716,467.7140715381617
2.0800000000000014,-0.6630610213679107,-0.05075153001283415,14.817805737417714,6.245462972055364,0.11983322924552109,0.0,-1.1705478639432538,-0.21100736587988403,4.347279326900611,-0.03975692273183304,0.08333506306065523,0.0,414.1425428306874,413.80579911015735,413.6221201026754,411.1331586678165
2.1000000000000014,-0.6867780014897388,-0.055066950591422525,14.905313509011005,6.244710806687314,0.12152719142627344,0.0,-1.2011501482395541,-0.22053469197895334,4.403497832428499,-0.0490276386249817,0.09071895357165373,0.0,475.8771960555641,477.5751018403547,479.0974815978065,476.9773186740672
2.1200000000000014,-0.7110618700813787,-0.05955919838292227,14.99353980359332,6.243737539358568,0.12334590607567097,0.0,-1.227236710924438,-0.22869008717102146,4.419131625803015,-0.052844821815216304,0.09366363622504961,0.0,441.1202381960653,441.85616656404386,440.70264924986213,439.7534699533431
2.1400000000000015,-0.735862122577185,-0.06421364090156008,15.082003281535625,6.24268401810977,0.12523478301707058,0.0,-1.2527885386561892,-0.23675416469276017,4.427216168427595,-0.05544297019664601,0.08807718531252401,0.0,433.8178627986219,432.41584789999115,434.89846156974465,434.24314233114575
2.1600000000000015,-0.7612329442027984,-0.06904937284529476,15.17106895349087,6.241575367395168,0.12699808243589317,0.0,-1.28429362390515,-0.24681902968070868,4.479351027096825,-0.054796921699175695,0.08620330560887174,0.0,474.8727397946222,474.4471808884735,474.6411837987442,474.78806188695745
2.1800000000000015,-0.7871825621017512,-0.07407095720339348,15.260740076940044,6.24048563049022,0.1287363308619236,0.0,-1.3106681659901303,-0.2553394061291625,4.487761317820514,-0.05127512413691951,0.09152915086635988,0.0,433.9336411980751,435.2792820020521,434.6996723628918,435.58215644942
2.2000000000000015,-0.8136858900022592,-0.07927259654370646,15.350752883953035,6.239465053403546,0.13064480410222323,0.0,-1.3396646240606669,-0.2648245279021357,4.513519383478705,-0.05441372129605673,0.07904794716061479,0.0,452.9337673202658,449.9189093317486,451.8989685772612,451.13761767643985
2.2200000000000015,-0.8407340452015495,-0.08465305854215083,15.440980234049164,6.23837691483404,0.13222750494462954,0.0,-1.3651508958683602,-0.27322167194230135,4.509215626134,-0.054934982105033406,0.08091444076837101,0.0,422.58595346496253,423.0737621490924,423.1091228150206,422.97231620322816
2.2400000000000015,-0.8683249693202765,-0.09021359818911485,15.531345430657245,6.237317348234807,0.1338458268404219,0.0,-1.3939415160043411,-0.2828322927541011,4.527304034674082,-0.04608816992584075,0.08065722325348255,0.0,444.31751311534344,444.2595243145052,443.96786494859725,446.138386876693
2.2600000000000016,-0.8965114530879698,-0.09597410036153683,15.622191616919885,6.236405947697554,0.135483890592214,0.0,-1.4247068607649778,-0.2932179244880965,4.557314591589863,-0.05064072113662534,0.08771686725623577,0.0,455.0543425231264,456.75179736201625,456.735264764731,455.6433885848442
2.2800000000000016,-0.9253547544682204,-0.10195727803594869,15.71391343430435,6.235394576887227,0.1372431365347202,0.0,-1.459623277260077,-0.3050998429530898,4.614867146856619,-0.04894153756423789,0.09085010755386859,0.0,480.99720281034735,481.7143344156673,480.64083135406037,481.0256341140849
2.3000000000000016,-0.9548850130278873,-0.108175108907264,15.806670037660586,6.23443127882781,0.13906713536889193,0.0,-1.4934025787066205,-0.3166832441784427,4.660793188766811,-0.04336790466170711,0.08710933675253107,0.0,472.18909960552816,471.32887573084287,470.4313185220528,471.7230954430116
2.3200000000000016,-0.9850949979266593,-0.11462676842438291,15.900341451593969,6.233566611030131,0.14081587259115302,0.0,-1.5275959111705846,-0.32848270753344694,4.706348204571456,-0.041048294540845486,0.08348980992961637,0.0,471.61531656333176,470.7815899764515,471.7108972940059,472.2471044385921
2.3400000000000016,-1.0159654752395415,-0.12130677237168887,15.994727732732617,6.2327627591354045,0.14251126356135746,0.0,-1.55945182011763,-0.33951768719714875,4.732279909293393,-0.03519782514245425,0.07633512312836718,0.0,454.5408806931512,452.82281465521936,454.1547374538289,455.559655867123
2.3600000000000017,-1.0475016804895236,-0.12821791106005456,16.08980385160798,6.232063596704803,0.14404946741692637,0.0,-1.5941687048805862,-0.35159618163941964,4.775331978243005,-0.032101352230396694,0.08113124510377671,0.0,469.1866971869215,470.3068384674073,470.27638457322814,470.9950022890344
2.3800000000000017,-1.0797380569368769,-0.13537297019218536,16.18575405446639,6.231456822408804,0.14567816157900548,0.0,-1.6294689398547517,-0.36390973157365847,4.819688307598135,-0.023704597070313048,0.0776472072155273,0.0,472.3347012739555,471.5327427559528,470.76987894756286,472.7149268514511
2.4000000000000017,-1.1126036698801,-0.14274724181399806,16.28204035971693,6.230983523218864,0.14723372687286673,0.0,-1.6570923544675622,-0.3735174306076116,4.808942217456054,-0.02244542951596371,0.07535760045872128,0.0,421.1371052115843,420.5476290312239,419.74040614848394,420.0680609316014
2.4200000000000017,-1.1461005332897674,-0.15034117029255067,16.378621116244766,6.2305393742685755,0.14874196221443015,0.0,-1.6925939864991673,-0.38587541724764884,4.849133435327251,-0.025530762571169978,0.07682955996142282,0.0,468.66595206965565,469.0132260712701,468.77960365238846,468.0597208115774
2.4400000000000017,-1.1802401496575852,-0.15815834461318942,16.47553172260648,6.2300847667234045,0.1503149891679385,0.0,-1.721367650282621,-0.3958420148162259,4.8419272008441565,-0.036114495962785945,0.08536604100222317,0.0,422.9641542421833,425.1693060123201,426.122178822823,423.3986633920688
2.4600000000000017,-1.2149482104054132,-0.16617212333027,16.572230491277146,6.229387825108457,0.15202240568512426,0.0,-1.7494384245001844,-0.40553585689183264,4.82794966622263,-0.04323465106036103,0.08492855468018938,0.0,417.71156397915126,417.60357870500656,418.6456320314598,416.78190745929965
2.4800000000000018,-1.2502873024663963,-0.17440430563129433,16.669081359130317,6.228634989790212,0.15373617086632585,0.0,-1.7844707815981196,-0.4176823732106008,4.85713711909444,-0.028277532155866633,0.07941600761057063,0.0,459.3910596618755,458.08335914667657,457.8050550224233,461.3610816415358
2.5000000000000018,-1.2863110812792258,-0.18287404567128185,16.766386249958202,6.228070599256526,0.15532847211414147,0.0,-1.8179070996848257,-0.42929163078815136,4.87335196369425,-0.026754305691320375,0.07659427211482024,0.0,447.53911515234313,446.85448786955374,447.6198378468849,447.9914040478834
2.520000000000002,-1.3229635338677417,-0.19156179618433997,16.863736514693514,6.227575114387452,0.15686643408838385,0.0,-1.8473381591667617,-0.4394834205176602,4.861674509837067,-0.03565388374343287,0.08008039659517206,0.0,419.67499631849506,420.5869336541411,422.4122173160517,420.1029539306253
2.540000000000002,-1.3603208442840777,-0.20049405506269777,16.96156716495465,6.2268630351302985,0.15847482317203276,0.0,-1.8883928824668228,-0.4537424673181217,4.921390516276396,-0.03706697801828372,0.08376309988093988,0.0,486.8936663023284,487.72415640163064,486.9392319834451,486.62152269895824
2.560000000000002,-1.3984292565688623,-0.20968710692367823,17.060126959369548,6.226130579814463,0.16021227722559406,0.0,-1.9224483460116215,-0.46556271877992506,4.934588925213046,-0.04128224658116183,0.09491586240355243,0.0,443.90385516619665,446.64711508989626,446.53114644652743,445.4975532771449
2.580000000000002,-1.4372359115908662,-0.21912275684375465,17.159031999174594,6.2253085723625095,0.1621287923952215,0.0,-1.9582171561887762,-0.47800227322771505,4.955915055291552,-0.043979459835903005,0.08888296566049379,0.0,454.0077533391696,452.5605569423706,454.12312275061765,453.47264160945355
2.600000000000002,-1.4766754144971372,-0.22877821681483176,17.25783221403667,6.224472770777542,0.1639086393719671,0.0,-1.9857331344383253,-0.4875437238799953,4.92410643091607,-0.05333762330432758,0.08679123741047098,0.0,401.6431505079843,401.08102747146296,402.7991209608802,400.2503674263164
2.620000000000002,-1.5167239825619299,-0.23864558124121238,17.356331133350725,6.223408381268342,0.1656453590147242,0.0,-2.019123672040929,-0.49919271875806603,4.925785500489096,-0.05551153999357085,0.08545340741543518,0.0,435.0445323288529,434.71470384070403,435.54279449461296,434.9949794763186
2.640000000000002,-1.5574939356189161,-0.2487658339347187,17.455160775463607,6.222318250419022,0.16739447754069747,0.0,-2.0578716336576823,-0.5128325505925672,4.957178710799218,-0.061851879188306993,0.09440330994725986,0.0,461.51838918293674,463.63871638594907,464.5461551499707,463.05009571742534
2.660000000000002,-1.5989621433011185,-0.2591321937486667,17.55413928070374,6.221112230186442,0.16930177983003514,0.0,-2.088949134562559,-0.5238034308022316,4.940671813214363,-0.05397566801961289,0.08820071526560105,0.0,417.96736287979707,416.3504178147808,417.2178799434129,419.27315623189594
2.680000000000002,-1.6411246888840556,-0.2697451881471166,17.653190366452346,6.220108916952061,0.1710763452758206,0.0,-2.127305423731164,-0.537496009042761,4.964436761646313,-0.06632071771652931,0.08360699335984095,0.0,456.67478190489567,455.5802876544077,458.64288477399657,455.68967012757213
2.700000000000002,-1.6840025685004087,-0.2806137888075127,17.752392572493136,6.218813231570824,0.17275356985545276,0.0,-2.1604825379041572,-0.5493640569968447,4.955783842432638,-0.05848120585757927,0.08679594692975093,0.0,425.51017118499493,426.3345516090891,425.0432190302807,427.0509112874675
2.720000000000002,-1.7275484627218922,-0.29172253671444826,17.851426904964235,6.2177090908232096,0.17449118728250568,0.0,-2.194106884244184,-0.5615107336967115,4.947649404677524,-0.04703713581791409,0.08495285796926108,0.0,427.21020660279896,426.7449704239684,424.71108963458994,427.6435437121481
2.740000000000002,-1.7718682322069157,-0.30311257738757563,17.950851528908128,6.2167716177307,0.17619371469495615,0.0,-2.2378700642581535,-0.57749333361603,4.994812989711914,-0.04959433109735502,0.08231837393424421,0.0,477.8506470112112,477.2530795693523,479.51489456071084,478.93053468554376
2.760000000000002,-1.8170266484879645,-0.3148092083860187,18.05098832434093,6.215783363567434,0.17784617245196355,0.0,-2.277971563846719,-0.5921697662282757,5.018866553568275,-0.046898980032646795,0.07882830851292737,0.0,458.54426280921143,457.71691193705044,457.76512751359496,458.4067693211539
2.780000000000002,-1.8629588465775182,-0.3267894466087668,18.15142655798937,6.214857653990766,0.1794269869426044,0.0,-2.3152482451086533,-0.6058540560465313,5.0249568112757865,-0.051852771304704205,0.0759134087266646,0.0,441.8523938153247,441.1357778958432,442.33370685522874,441.1066211942113
2.800000000000002,-1.9095811109996035,-0.3390230108811498,18.251661307401815,6.213821324865481,0.18095019326938644,0.0,-2.346978197099873,-0.6175023711917662,4.998518129968722,-0.05064753206731298,0.07277074990059465,0.0,410.123978718473,409.2906557325809,409.0481199496582,409.36805925416405
2.820000000000002,-1.956924181862978,-0.35152283039525634,18.351820703489725,6.21284393551165,0.1824103510969568,0.0,-2.3873288892375735,-0.6324795802188892,5.017421478822309,-0.0422141119408007,0.07585062962512448,0.0,453.4212260841548,454.16700459548446,452.93707948471416,454.96601837812597
2.840000000000002,-2.005120888875651,-0.36434070142520936,18.452590549016264,6.212021108923437,0.1839521414943439,0.0,-2.43234181202974,-0.6493075227764126,5.0595630738315345,-0.04876478375411025,0.0828902041697783,0.0,474.72921726915826,476.35127871740036,476.0685165180605,474.56138877506334
2.860000000000002,-2.0541778987273105,-0.3774802483700535,18.55396644908429,6.211164770724592,0.1856113570768647,0.0,-2.473359173136213,-0.6646471717080037,5.078026932970663,-0.06418927572219625,0.08121002612859976,0.0,453.8696903421359,453.47034020880636,457.0079547153534,453.3026173149042
2.880000000000002,-2.1040735389100065,-0.39093389790723043,18.655786980973797,6.209947377769852,0.18723558115878003,0.0,-2.5162048451333994,-0.6807177820096867,5.104026255980036,-0.052666033148678106,0.08142709452182723,0.0,461.54160573177825,461.5980664831509,460.5924007144132,463.3159378607101
2.900000000000002,-2.1549759161234867,-0.4047679541177039,18.758894218811786,6.2088964213120175,0.18888682841660298,0.0,-2.574032876214635,-0.7026878390376573,5.20669752781889,-0.05049154233991586,0.08816584327613267,0.0,527.6166152635591,529.0148733918596,527.3610777739663,527.810210295557
2.920000000000002,-2.2069601895410527,-0.4190134433487972,18.86363632879226,6.207888910861069,0.19065728433783669,0.0,-2.6243944655419806,-0.7218610840716734,5.267513470228698,-0.048337292656699685,0.08438720444424429,0.0,494.47573068917984,493.64542134824893,494.33128953371903,494.8060337417426
2.940000000000002,-2.259813674029173,-0.43358921819632484,18.96885495481065,6.206942778102997,0.19237681712391375,0.0,-2.6609539832700717,-0.7357164006810905,5.254349131610061,-0.04191653023126256,0.09236074784624346,0.0,425.5930881813701,427.6421218022465,426.4175549506632,428.0586766861459
2.960000000000002,-2.3134345897927395,-0.44845658833429597,19.073976781998567,6.206111431852779,0.19429838811123545,0.0,-2.7011375930865906,-0.751020613116023,5.257833587181619,-0.045654003818636456,0.08016599238362068,0.0,443.8084592465861,440.80216948263114,444.6585078484792,443.7379089383346
2.980000000000002,-2.367922932094017,-0.4636549564587154,19.179468860161155,6.205207874843579,0.19592534860607103,0.0,-2.747696637041186,-0.7688161993259163,5.291374229076977,-0.04128981611144894,0.07328985289063925,0.0,472.7921813262262,471.2046635128887,470.38898779507554,471.4008633684196
3.000000000000002,-2.423320612293316,-0.4792010661796841,19.285500042836247,6.204417204950142,0.1974044232792993,0.0,-2.7920713828887287,-0.7857947727709518,5.3117440384324786,-0.049671513886061364,0.0681366761197756,0.0,460.79026889064704,459.5702828439886,460.7635844451096,458.77017553448553
3.0200000000000022,-2.479546603177189,-0.4950637104974865,19.39162447647321,6.203430908404563,0.19876844869548815,0.0,-2.8305277054985853,-0.8004696590092888,5.300699325263982,-0.04589428417567615,0.06974409255198631,0.0,430.3234428342429,430.7351912685432,429.74676325642963,430.70477201153176
3.0400000000000023,-2.53655942305931,-0.5112274746812093,19.497599961280443,6.202552666898981,0.2001694509009173,0.0,-2.8707542827135035,-0.8159067593629977,5.296849155459419,-0.03698988324903904,0.07324276498298009,0.0,436.4844695683816,437.3634973798462,436.99719926082787,439.2174617617118
3.0600000000000023,-2.594450064873876,-0.5277294842074562,19.60384203801139,6.201840766114216,0.20163646846590133,0.0,-2.9183098987431237,-0.8342941932616943,5.3273585176352105,-0.029520361147155224,0.07532231557105841,0.0,469.7899460560186,470.2773591733421,468.943850979065,470.6810398102926
3.0800000000000023,-2.6531900776958772,-0.5445588693016162,19.710178622745527,6.201266204885533,0.2031986104245851,0.0,-2.9556913834569736,-0.8486443161543142,5.306299955778593,-0.035149924941922324,0.0858765230034482,0.0,419.73159033873776,422.4758995968808,421.9772159103494,420.51615445003137
3.1000000000000023,-2.712818603198996,-0.5617309160677836,19.816759041086023,6.20056615056011,0.20493985809725235,0.0,-3.0071611668549028,-0.8685603604624269,5.351741878270966,-0.03272333333338066,0.09276378844023277,0.0,482.0841525107805,483.64853721690196,484.4233878287099,484.97016079807634
3.1200000000000023,-2.7733823904991386,-0.5792636933502775,19.92377321907237,6.199924183055522,0.2068905425124381,0.0,-3.0492175631593437,-0.8847173677869646,5.3496759203636755,-0.037723165746388274,0.10657745170390796,0.0,439.2191016022128,442.65067762749436,441.07072658732636,439.82954604390216
3.1400000000000023,-2.8348109585881436,-0.5971285028633259,20.03083699438678,6.199171127110976,0.20904747247807798,0.0,-3.0936392457411452,-0.9017635835178749,5.356701611077637,-0.03604544683049391,0.09945271570012168,0.0,450.80112196837933,449.08015200172997,449.11740738911215,449.52486942134243
3.1600000000000024,-2.8972230305243936,-0.6153714024282025,20.138463729263364,6.198454704699849,0.2110390243175786,0.0,-3.1475679478838168,-0.9225263729697947,5.405971876580759,-0.03304994170362325,0.10168767677297717,0.0,488.40733115559135,488.91475622529305,487.80216427876564,488.47243337055727
3.1800000000000024,-2.9606794397252885,-0.6340156033817287,20.24689010541159,6.197808224089734,0.21316682373507412,0.0,-3.198072972205665,-0.941893722382814,5.436665738241936,-0.027661393855051876,0.08797302168901609,0.0,473.90189878978924,470.7364500524402,472.40346481283865,473.64822424052755
3.2000000000000024,-3.02502812875959,-0.6530000469235457,20.355362063878346,6.1972771171709,0.21493905916276823,0.0,-3.236795931224487,-0.9565506317988867,5.4105301084336315,-0.021009934125303213,0.0829183221106576,0.0,418.72843083083615,417.4138237775227,418.7743336429619,420.50663012698
3.2200000000000024,-3.090158872395103,-0.67228009755816,20.46332870771248,6.196886392668388,0.21659810659019652,0.0,-3.2762784323268273,-0.971454431662539,5.386134274979978,-0.01333215059186938,0.08175128722276612,0.0,420.9389746972312,420.6418413931502,419.3617982437018,421.3582206440939
3.2400000000000024,-3.1561950663499396,-0.6919028992737157,20.571315241919216,6.196637359810591,0.21823331832743165,0.0,-3.327340963156839,-0.9908257398930326,5.412519145693409,-0.007397480585637938,0.08114138103325996,0.0,470.17742283046385,470.04063116230935,467.8584223801391,469.24295482624507
3.2600000000000025,-3.2232409178207715,-0.7119074888590418,20.679757218274226,6.196504289519691,0.21990399677591377,0.0,-3.377244183926342,-1.0096332186395776,5.431678489807325,-0.012852628762024622,0.07135865873144936,0.0,463.4780501428501,461.1702799072376,464.79346693266564,463.5089680938212
3.2800000000000025,-3.2911346792268312,-0.7322287106648966,20.787893256958494,6.196261652758798,0.22133172240119858,0.0,-3.4121319566796413,-1.0224889619459079,5.381925378619461,-0.01822213792911965,0.07030751587153301,0.0,395.8297027964068,395.5439212715822,395.12619087417,393.6380458799924
3.3000000000000025,-3.3598413494031143,-0.7528507833618205,20.895531120678918,6.196020077581338,0.2227380556973344,0.0,-3.458535060948674,-1.039718307746494,5.381860993422908,-0.033898080077590424,0.06970257173264058,0.0,445.73057748350345,445.58596469848897,446.8406633039519,442.989585608332
3.3200000000000025,-3.4295464005325558,-0.7738436249870135,21.00346092666609,6.195364074681592,0.2241383472252121,0.0,-3.5119700519954997,-1.0595658547728042,5.411119605294225,-0.02727105935854675,0.06616984099717742,0.0,473.3121414530185,472.4990087109781,472.0749652217796,473.6064617914338
3.3400000000000025,-3.50025653314462,-0.7952089205435274,21.111679949072798,6.194823511967755,0.22546360098880047,0.0,-3.559043209210908,-1.076963700878584,5.410782635376785,-0.02415385762135872,0.06424269614298284,0.0,445.27390570910393,444.8038331950986,446.31802881140504,447.0806090151585
3.3600000000000025,-3.5719275148690883,-0.8169294128169884,21.21996104318144,6.194340633282678,0.2267488988434554,0.0,-3.6080549632359817,-1.0950855264675088,5.417326775487285,-0.023523830079344013,0.06518496128150227,0.0,452.82584377290436,453.0561641697258,452.34859359713346,452.5007420422475
3.3800000000000026,-3.6445735359278575,-0.8390100352323485,21.328335144217544,6.193875568577749,0.22805664808921122,0.0,-3.6565471426409677,-1.1129767150685042,5.420083328123159,-0.020233876688863055,0.06233890431571992,0.0,449.4298532165037,448.7402298512147,449.34455229158107,450.1440765770003
3.4000000000000026,-3.718140346353221,-0.8614292669024542,21.43653845116634,6.193492726525143,0.22930359708191173,0.0,-3.700133899895393,-1.1289464519420747,5.40024736675628,-0.026842277580547975,0.06292355187873391,0.0,427.5144029115466,427.6668249880693,428.50600353296414,426.81697271011643
3.4200000000000026,-3.792676373837316,-0.8842048478307437,21.54474738630221,6.192956365919269,0.2305725223887185,0.0,-3.753468848514114,-1.1486116408868703,5.420646146830872,-0.02585744689851146,0.05835096634487663,0.0,465.7619719225929,464.690343147252,467.16936345357044,467.3996014976104
3.4400000000000026,-3.868241773195203,-0.9073592033355611,21.653189802826798,6.192473369871529,0.23174218909286992,0.0,-3.8030710872745748,-1.1668239095948683,5.423595505627799,-0.017592715780258544,0.0606519997012368,0.0,450.3306274478541,450.8910986113515,449.2310798519754,451.2373980173923
3.4600000000000026,-3.9447425937821126,-0.930855827316422,21.76143793448753,6.192131919061843,0.23295602428270357,0.0,-3.847010971416385,-1.1828384884912337,5.401217660445738,-0.013031245421026747,0.061913106999886565,0.0,426.44747106694246,426.77337273065075,424.64591905249404,425.8185085203197
3.4800000000000026,-4.02212991787864,-0.9546751789580751,21.8692575519669,6.191962878906123,0.23420206045695835,0.0,-3.8917214382363983,-1.199096675674075,5.3807440874911565,-0.02656525832928398,0.057970003081090335,0.0,428.6950089630403,427.6913524498409,429.20285333933475,425.7422722440648
3.5000000000000027,-4.100442466999019,-0.9788306965426339,21.97678351926963,6.191488363324602,0.23539272838011005,0.0,-3.9395334738015286,-1.216455082781801,5.3718526427820725,-0.037222611196127686,0.05006204992878096,0.0,439.70608156360095,437.7382369255913,441.2563666967242,438.6083000430592
3.5200000000000027,-4.179750617543295,-1.0033481252080918,22.084281152177464,6.190833137916856,0.2365073321496478,0.0,-3.9912815806260227,-1.2352877837640033,5.377910648001476,-0.05058126503372169,0.035004641721406875,0.0,455.51611261034924,451.8900877576302,455.65229436123036,452.43580807264794
3.5400000000000027,-4.2601658676824306,-1.0282699321957076,22.192183823220304,6.18984735337953,0.23721859631967313,0.0,-4.050243433287564,-1.2568929149975758,5.412356456282394,-0.04339227854748351,0.039731445207249846,0.0,479.73874368505466,480.8148911475077,479.56071765053565,481.1950305408034
3.5600000000000027,-4.34167827202348,-1.0535934704754017,22.30042553926471,6.188979963670388,0.23802263157957615,0.0,-4.100997000817433,-1.2754609129718315,5.411815148158422,-0.044347120739388915,0.03539408293093546,0.0,449.0924669320086,448.03633786368954,448.7563086857447,448.52264706954475
3.5800000000000027,-4.4241918026382026,-1.079283681549938,22.40858770544385,6.188147506880954,0.23873511320450636,0.0,-4.150356060654751,-1.2935601944818165,5.404401469755504,-0.03390819116270487,0.03236094385999534,0.0,442.74475895585977,441.99585088586673,440.8008606692994,443.38071928058883
3.6000000000000028,-4.507736159474945,-1.1053535672777917,22.516769496239995,6.18748041223558,0.23941199903136567,0.0,-4.204079623019456,-1.3134283783035443,5.413777609859067,-0.029203049744981308,0.02465809378237592,0.0,459.4758044317368,457.6400760816024,457.75602611655916,458.87772519682886
3.6200000000000028,-4.592361952760635,-1.1318239884160488,22.625156309399504,6.186899107523674,0.2399652785814963,0.0,-4.25849970554951,-1.3336137355221664,5.424903706091702,-0.031550935173929665,0.035623281832133806,0.0,459.13530900889185,461.7384157585228,460.7221408087856,460.16456275418585
3.640000000000003,-4.678127366064069,-1.1587186068422624,22.733964013014976,6.186297292411179,0.24069269803383708,0.0,-4.318041624793841,-1.3558481070991801,5.455866655455665,-0.03919339433126971,0.03015449481884091,0.0,479.29435326162945,478.0460367217507,480.15896447082605,478.41581764515774
3.660000000000003,-4.764938240167765,-1.1860009328205814,22.84278931899548,6.185543304033583,0.24130301078675487,0.0,-4.363045785575763,-1.3723844907327272,5.426663942594362,-0.04692379005580393,0.03395524646581816,0.0,421.53812165702107,422.5228811028981,423.29282986668414,421.29099926608956
3.680000000000003,-4.852810498627654,-1.2136783310123396,22.951673322404634,6.184610022529466,0.2419827316362655,0.0,-4.4241800604131445,-1.395355328443085,5.461736398321083,-0.05014692424448103,0.03506512951723135,0.0,483.62657523579327,483.87771500417546,482.98914376464137,482.2580612048925
3.700000000000003,-4.941822581872241,-1.2417832029750617,23.06091263896422,6.1836088021818085,0.24272137666532423,0.0,-4.477028264045637,-1.4151318678291478,5.462195257637601,-0.05200064333493652,0.026423088240540633,0.0,452.58181375404587,450.4902996845381,452.69504796115103,452.245703748966
3.720000000000003,-5.031839536941221,-1.270263634586348,23.16994023642566,6.182568794825116,0.24330563455588106,0.0,-4.524667242852328,-1.4329112932994985,5.440564488506569,-0.05210561957224063,0.03698681161309987,0.0,428.8227690212299,431.50725394103415,431.353434852626,431.32499659409683
3.740000000000003,-5.123030774993115,-1.2991902370714568,23.279413183877757,6.18156718932342,0.2441007394543293,0.0,-4.59445656233708,-1.4597489552113747,5.5067302567031,-0.06110638506737416,0.02646363089756528,0.0,512.0638138977858,509.8131282464508,512.1813815894936,510.2556215794398
3.760000000000003,-5.215388909617181,-1.3285616671804923,23.389280769285765,6.180360363230468,0.24469520404237777,0.0,-4.6413569000694626,-1.4773940556921863,5.480028284097843,-0.0555743676422636,0.03788220962673562,0.0,425.1473548739801,428.0732762417948,426.353448823755,427.76657681899576
3.780000000000003,-5.30872865062503,-1.3583050671321484,23.498777997946693,6.179254140169146,0.24546123001358833,0.0,-4.692617200715449,-1.4969459394734312,5.469694581994644,-0.05881914545362704,0.033787877281697604,0.0,444.3325604366577,443.3248890533941,442.6110336254692,441.80687542021826
3.800000000000003,-5.4031005103949035,-1.3884433409986017,23.608084265952936,6.178079175029879,0.24613982133139256,0.0,-4.744568776271965,-1.5168814471719125,5.460932218629514,-0.06050305151165293,0.03140721679749248,0.0,445.17384701387573,444.58938031539697,444.7903582206724,444.373932762614
3.820000000000003,-5.4985183938187925,-1.418984404111905,23.71723171299619,6.176902578344588,0.2467724697027549,0.0,-4.797219566116875,-1.537224864158424,5.453812485695674,-0.06868404716529904,0.02840587196138068,0.0,446.2643630557633,445.52895734914694,448.1531936164505,446.1507720685198
3.840000000000003,-5.595001204953777,-1.4499385455756184,23.82627272862958,6.175529060921951,0.2473436894121761,0.0,-4.851061547381581,-1.5581892822129007,5.450289077643448,-0.06925592244774945,0.03089676344595676,0.0,450.14029238828095,450.7449500671895,450.0461753036558,449.90375860959944
3.860000000000003,-5.69253985099272,-1.4813046618351802,23.93514974241008,6.174225480312302,0.24796948194084223,0.0,-4.902803056512712,-1.5784223437432734,5.437412300406314,-0.08202603124174165,0.03486091776869423,0.0,441.2139840713993,442.195311054448,442.7367347010515,439.5689225440534
3.880000000000003,-5.791086121567612,-1.5130650885205692,24.043651346791982,6.172592960387869,0.24867274183064847,0.0,-4.951824000976496,-1.5976203247956304,5.41274813778385,-0.0860262063384119,0.031384846873951835,0.0,429.98281422370803,429.0987909993784,430.8033191866268,429.78144392497165
3.900000000000003,-5.890612006401329,-1.5452108108708245,24.15164514810686,6.170875874441997,0.24930288296296954,0.0,-5.000764482395217,-1.6169519102298828,5.386631993703933,-0.08340392454672298,0.02917387657003686,0.0,428.3838729822351,427.819722513997,428.5429545317974,429.20491451055244
3.920000000000003,-5.991187651887734,-1.577776231467664,24.259382575692022,6.169208418346603,0.24988653746452894,0.0,-5.056800066245271,-1.639590149454069,5.387110764812435,-0.08228822248837372,0.02976880540419666,0.0,454.79073178818845,454.93392448974663,454.0494370747218,454.31244074760446
3.940000000000003,-6.092984579761125,-1.6108413635095604,24.367509607253318,6.167601791093677,0.25048357782597996,0.0,-5.122892721093799,-1.666923054735556,5.425592391317227,-0.07344094077694542,0.03159322496507732,0.0,489.46634762359935,489.87377390594105,488.6253638967636,490.5956597622243
3.960000000000003,-6.196109028650919,-1.6444581874366493,24.47641560960272,6.166133721035772,0.25113609772919077,0.0,-5.189552167885589,-1.69475933797332,5.46500784362307,-0.07466467083997895,0.025165876536850536,0.0,492.22696311191055,490.79789171207443,491.1002634317884,490.8241918875254
3.980000000000003,-6.300516131720655,-1.678610822087719,24.585901043645137,6.164683031129055,0.251649581320307,0.0,-5.25115813908808,-1.7205041271336614,5.483535560618423,-0.06543390596573835,0.02065676124018819,0.0,474.05162677689253,473.010850516793,472.0415427896352,474.17020297976
4.000000000000003,-6.40611816332502,-1.7132631715173354,24.695601768108492,6.163411161093489,0.25209213714369394,0.0,-5.3090450213484806,-1.744730815827988,5.4865368857172045,-0.056853919514905635,0.012985959641542134,0.0,460.7251101845905,458.9015766041444,458.1444069491938,460.1839147509709
4.020000000000002,-6.512901320371649,-1.7484123334853352,24.805441854821257,6.162276890973921,0.2523520166950153,0.0,-5.369270683314321,-1.770185380971989,5.4974717855592194,-0.05922384387183015,0.012419640842715341,0.0,468.0901264386332,467.95773497016864,466.7870374436387,466.2297036815815
4.040000000000002,-6.620824012552907,-1.7840415761880475,24.915240824471702,6.161119842096532,0.25260465764384143,0.0,-5.422998534811457,-1.792738889299242,5.482425179485346,-0.06663032752432856,0.01533447599125483,0.0,443.0181441618403,443.7366368175269,443.58654487728484,441.75518549276455
4.060000000000001,-6.729844418913711,-1.8201339623576098,25.024818491075973,6.159791794563887,0.25294018844693067,0.0,-5.479042101268904,-1.8164997276570034,5.475341480941622,-0.06361071899274627,0.0077395720071107375,0.0,451.25736743787013,449.41378190610175,451.03475205593094,451.7627319397531
4.080000000000001,-6.8399613058802915,-1.856691403701085,25.134150596403135,6.158542253528669,0.2530958803463408,0.0,-5.532646595389199,-1.8392444066905085,5.457869051774368,-0.05687672394708242,0.00908155506810046,0.0,440.3968547766488,440.72970248351044,440.6771649370388,442.3413980395183
4.1000000000000005,-6.951159870633548,-1.8937096671224585,25.243161005235507,6.157416428030878,0.25327751213357974,0.0,-5.587209879936468,-1.862581935446826,5.443171831462671,-0.052037513029767314,0.009044517882050344,0.0,443.71436627869866,443.7051197216397,443.4046994420984,444.5938561042853
4.12,-7.063527988315506,-1.9312337132525499,25.352168208280833,6.156392788869294,0.2534676052573648,0.0,-5.649601888259373,-1.8898226775623184,5.457548473069831,-0.0461875388398713,0.013334684812126737,0.0,471.04642416246617,472.0407781410304,470.7845497986403,472.1392581874291
4.14,-7.176908401388806,-1.9691887438593816,25.46055117675613,6.1554772653332535,0.25374071452437175,0.0,-5.68843941907056,-1.9056803831208498,5.380748374460007,-0.0421311264456449,0.016916743093240375,0.0,378.93245971342674,379.9643524370787,378.35156965315196,379.52012842712793
4.159999999999999,-7.291197438108582,-2.0075258209511824,25.567893132171513,6.154678721358806,0.2540854856878312,0.0,-5.740464252907027,-1.9280273260592247,5.353447167078113,-0.051520328165152646,0.013328902072515128,0.0,432.23009236932876,431.3217059886876,432.15235969177655,429.76983523622397
4.179999999999999,-7.406609826294516,-2.046350967393385,25.674994937256393,6.1536669788988245,0.2543992450424364,0.0,-5.800774565686382,-1.9544873181610212,5.356733341409755,-0.05763000955150706,0.023042944810228637,0.0,459.7679170930093,462.0714739236594,461.92647365496515,460.4768545616135
4.199999999999998,-7.523206777171398,-2.0856954168502746,25.78206897679422,6.152514680450732,0.25486376528530297,0.0,-5.858920522001899,-1.9799576275279862,5.350670612372914,-0.05685316601707094,0.02033689726381784,0.0,452.5150728063073,451.8609683182644,452.8789982858014,453.06423894304265
4.219999999999998,-7.641102309417554,-2.1256179974218505,25.889526035588712,6.151378581517896,0.2552755510014606,0.0,-5.930632702613594,-2.0123004296296085,5.395035267076085,-0.058241969462478727,0.023514245491969704,0.0,498.11374310297845,498.8104052345375,499.33237566387794,499.02645138331854
4.2399999999999975,-7.760307861916387,-2.16612620444646,25.997385816505204,6.1502303752565375,0.2557943238306555,0.0,-5.989922547269769,-2.038520272831346,5.390942824573326,-0.052474278782301965,0.013666614370136573,0.0,456.56888634713823,454.2051629338632,455.3209803715285,456.70126583012456
4.259999999999997,-7.880789546197523,-2.2072053869633024,26.10549345358886,6.149187345339929,0.2560677415504822,0.0,-6.058245880843834,-2.069397978852858,5.419820883792167,-0.05606751104263197,0.013253256356327943,0.0,486.555165019722,486.4621614648344,486.6719809134163,485.8627491812617
4.279999999999997,-8.002493019168952,-2.24882938718785,26.21361949659255,6.148080879881904,0.2563392867492391,0.0,-6.112101416299119,-2.0930020436018997,5.392783416576801,-0.05061136536486827,0.01685327625352412,0.0,433.26097588040676,434.1681928899521,434.46280241432953,435.8312069453694
4.299999999999996,-8.125349931679196,-2.2909653643605643,26.321482397381768,6.147077193065801,0.2566801758324786,0.0,-6.173589834725405,-2.120595673669537,5.393506662345032,-0.05474427988017888,0.01961861824638057,0.0,461.2187196395839,461.8735407669852,461.6340628978398,460.6528888937398
4.319999999999996,-8.24948670259638,-2.333679759689213,26.429536934337182,6.145988455367673,0.25710057174716816,0.0,-6.240087256992979,-2.150843859195337,5.411947033196228,-0.0582508164837136,0.012132157164961188,0.0,479.09862201859124,477.3874600844982,478.3485437057346,477.5448256149107
4.339999999999995,-8.374971517458762,-2.3770093946201873,26.538015515268686,6.144823528320458,0.25735710866035255,0.0,-6.308394229245381,-2.1821196339021034,5.435911059954143,-0.0586733859056074,0.0068607683754668344,0.0,484.5227074693695,483.33190558510967,483.5058806792396,483.4082860857618
4.359999999999995,-8.501608756764563,-2.4208537774290457,26.646157215335474,6.14366340736113,0.25751366703048806,0.0,-6.355329701334807,-2.2023186469836973,5.378258946724749,-0.05350680893753507,0.0006409608823116711,0.0,405.1315950879868,403.4497230199326,404.2387445863605,405.6307408400991
4.379999999999995,-8.62927660597303,-2.465151093648181,26.753480803798517,6.142618132920401,0.25753396940816664,0.0,-6.411455219512022,-2.2274129749297833,5.354099899579296,-0.04645532143173584,0.004509593724167508,0.0,437.9078269174056,438.8724431385436,438.1218852186746,439.8757879923915
4.399999999999994,-8.758133011796176,-2.509986110171715,26.860559265743625,6.141692501890226,0.25769360663395346,0.0,-6.474185362802557,-2.2560886774235955,5.353746294931363,-0.0490917578369533,-0.007275596244890084,0.0,464.01735064052406,461.2326776621496,461.1044505153273,460.4778435909412
4.419999999999994,-8.888242028534862,-2.5553941150631454,26.967611795537614,6.140728563606716,0.2575500687472605,0.0,-6.536716311066054,-2.2847118117194665,5.351506684467785,-0.05507454535259287,-0.00926257294564693,0.0,461.6458131199727,461.17521070817526,459.90127628750565,458.4756788680655
4.439999999999993,-9.019610898153688,-2.601380422863221,27.074644743844768,6.139633063777275,0.2573666104443797,0.0,-6.600170650816766,-2.31391896828807,5.351788146247686,-0.05853607033777079,-0.011156329018672504,0.0,463.1899830005826,462.74298480392315,463.42203701522095,462.60293428040035
4.459999999999993,-9.152258444857438,-2.6479572375586478,27.181709972744297,6.138463430040751,0.2571508621496035,0.0,-6.6645840195581325,-2.3437625012546035,5.354734743704978,-0.060010973880940344,-0.014997757294056733,0.0,466.26134163814044,465.3600322296567,466.03334425327836,465.68506342691035
4.479999999999992,-9.286173458563592,-2.6951208456628657,27.2887464967393,6.137269432568679,0.25686254755580507,0.0,-6.72691735105738,-2.372598309167186,5.348917655795193,-0.06353858087377805,-0.01017270763985656,0.0,456.58242148429656,457.73623222202286,459.2203130582489,458.37743836342963
4.499999999999992,-9.42124525979744,-2.7428127189598914,27.3953189934895,6.135998793170273,0.2566732120551469,0.0,-6.780262772327427,-2.3965890205353735,5.308332019224815,-0.06302434538232722,-0.015486586098988848,0.0,423.8870481031032,422.514581120457,424.71272734764756,424.8419211813368
4.519999999999992,-9.557464282994115,-2.7910301185587767,27.501372275750573,6.134809210233776,0.2564048223276254,0.0,-6.841639547340037,-2.4251509393531516,5.296996206882335,-0.05111603138321524,-0.006393512420838729,0.0,452.4274690369851,454.6192220904119,450.666465404463,453.54286030395315
4.539999999999991,-9.694882433301728,-2.8398038787569724,27.607081983147612,6.133794531951727,0.2562907193522923,0.0,-6.900175483421341,-2.452225080466401,5.273974532821449,-0.055025595455073746,-0.011640849475771004,0.0,442.42349863682466,441.1252178863905,442.0466730076905,441.0771516102082
4.559999999999991,-9.83340381111428,-2.8890813171676593,27.71206571910009,6.132696730859182,0.2560579481430576,0.0,-6.951962297833944,-2.475518760602282,5.224399062426437,-0.05735403551530363,-0.011943439232561161,0.0,415.42739801154204,415.3478817370027,414.4608508742373,413.8439915580505
4.57999999999999,-9.973204966716343,-2.938964788868973,27.816968981922003,6.131557355792037,0.2558268387615623,0.0,-7.028153262372278,-2.5128284095291247,5.265927219764983,-0.061279756636393436,-0.01588283084951534,0.0,501.4294277292258,500.57009678420656,501.44528129216445,500.5869646352766
4.59999999999999,-10.114495121558452,-2.9895759485034907,27.922561121387307,6.130331761077425,0.25556714910721023,0.0,-7.100862221838723,-2.548287553922603,5.29328672676548,-0.06125083891003557,-0.0051155691142139685,0.0,487.9136411618752,490.32000188307296,489.7252652746937,489.7294196488309
4.6199999999999894,-10.257120172085862,-3.0408283882160787,28.028239043801957,6.129110405549319,0.2554668808463214,0.0,-7.1616428309023785,-2.576956417336199,5.274505514699395,-0.06395685077078467,-0.007137014832282004,0.0,447.0445541238948,446.550088047676,448.1306382190528,447.4674333998412
4.639999999999989,-10.400959957906004,-3.092654469223225,28.133526274612567,6.127831400195447,0.2553410817073045,0.0,-7.2223357511117285,-2.6056516833784586,5.254217566361465,-0.06344370061003396,-0.0013161630683162758,0.0,445.27927925338895,446.70606433518674,445.90790505477725,446.030713523608
4.659999999999989,-10.546050154382419,-3.1450769669122245,28.23853427383268,6.126564838995371,0.25533010349288787,0.0,-7.286683896529933,-2.636598085521508,5.246582355650058,-0.0655944270565438,-0.00685602713691919,0.0,458.57753997453494,457.2551368523105,458.9220197989277,458.40666449633915
4.679999999999988,-10.692354441609378,-3.1980756895885976,28.34310110594256,6.125263693681738,0.2551976729860277,0.0,-7.3437448261660325,-2.6632741821158104,5.210100855337777,-0.07022977547881848,-0.003793336856142637,0.0,430.9090388797269,431.68539312787493,430.0173978169261,428.83409055484276
4.699999999999988,-10.839787219829962,-3.251600853469915,28.446877892836085,6.123869333177112,0.2551273759722612,0.0,-7.399532995892349,-2.6892422060159284,5.167577834015019,-0.06570539597426069,-0.0004557558888411413,0.0,423.65504361895495,424.51542630092007,423.56836293744504,424.73039206642284
4.719999999999987,-10.988450960643785,-3.3057160060460156,28.550227536772603,6.122572819530774,0.25520098369024335,0.0,-7.466841085490002,-2.7222730515941316,5.1673865596364825,-0.05977340252397635,-0.013318324509366646,0.0,467.17648559150143,464.1571773583492,464.4483089496692,465.8393505068683
4.739999999999987,-11.138338468882345,-3.3604175366316245,28.65309634767563,6.121379033784514,0.25493462889076746,0.0,-7.521909738365986,-2.74788000696676,5.11949453066592,-0.057939115621674114,-0.013471234360027649,0.0,418.6421727485839,418.6023493394502,418.9051753800752,419.3808159134048
4.7599999999999865,-11.289327412791549,-3.415631516198107,28.75499530052163,6.120231527789343,0.25467260718458196,0.0,-7.576984652554333,-2.7735179496814717,5.070400753934562,-0.05319015420593151,-0.009623382747647796,0.0,417.7428655581918,418.7486633442261,415.85105407861624,417.09498294525486
4.779999999999986,-11.441539418331354,-3.4714341611168917,28.8563606575124,6.119189431946811,0.254501995817801,0.0,-7.644215901426193,-2.806746542197008,5.066134945142332,-0.05977912098191391,-0.016234931457624505,0.0,462.4405873141143,460.87526118137214,462.1806703827739,460.6179475569028
4.799999999999986,-11.595155062476001,-3.5279388256761783,28.95785160373531,6.117995052527757,0.2541774833100243,0.0,-7.717348513038433,-2.843719913731622,5.082959677148518,-0.058227991984108426,-0.016845048455785973,0.0,480.56455344014523,480.4258716104845,482.06069686363617,482.4100787455489
4.819999999999985,-11.75010115596568,-3.5851003934912966,29.059165170899735,6.116841982961809,0.25384632611312785,0.0,-7.777260835929497,-2.872436867780213,5.048397039293848,-0.06302179501167647,-0.013455720434225197,0.0,432.64370229766087,433.49929026700465,433.5908764980948,432.37816259446214
4.839999999999985,-11.906374568281617,-3.6429189625396687,29.16026540782914,6.115626860766163,0.2536136142909875,0.0,-7.850080395664208,-2.909420037057026,5.061626653646371,-0.07254163792924836,-0.004923125688903759,0.0,477.70630305522553,479.654873719152,479.71613696000287,477.53945080104256
4.859999999999984,-12.063901836527704,-3.701347786606664,29.260846665525555,6.114188162300447,0.25353371373181144,0.0,-7.902646428944479,-2.9334623696424704,4.996499115995305,-0.06761532229383736,-0.01101606497989846,0.0,402.0482109960228,400.38819034264804,401.5202196971838,402.85455314454214
4.879999999999984,-12.222677404497869,-3.7603852789396592,29.36086019212978,6.112860938953673,0.2533200907940616,0.0,-7.974910368071969,-2.9702868636570727,5.004853544427194,-0.07469813234386441,-0.007355911472628292,0.0,472.98413207398517,473.82938561868593,476.1812041225693,474.54944095166087
4.8999999999999835,-12.382740016390514,-3.82005660730614,29.460424638898463,6.1113751828738145,0.25317835006502687,0.0,-8.031350821192463,-2.996845972991009,4.951591132440906,-0.0706468197124318,-0.010635393266397418,0.0,414.77899220214584,413.9138865461146,414.15766130088423,415.2208168142602
4.919999999999983,-12.543977293651547,-3.8802895684195247,29.559083692218753,6.109962970209331,0.252971558133293,0.0,-8.09237690491089,-3.0264501383474416,4.914314199587972,-0.06944371558999311,-0.007195645137784682,0.0,430.3359684447714,431.20896399603186,430.541387633408,430.84275558734214
4.939999999999983,-12.706384212275747,-3.94108098967384,29.65678870444916,6.108587158960933,0.25283471985507067,0.0,-8.148314957509,-3.0526919870841382,4.8561870234528035,-0.07455508789132001,-0.0034340963787597408,0.0,407.9665081646959,408.9732934927476,410.2502845069459,408.88191636678266
4.959999999999982,-12.870079714078138,-4.002511255700931,29.753963185171393,6.107099336768691,0.2527753994189039,0.0,-8.221235222730124,-3.090334615624922,4.8612610487709285,-0.07711616796972562,-0.007761102597454616,0.0,472.0086826460326,471.0056320810795,471.45120682896,470.85302958526796
4.979999999999982,-13.035123599134073,-4.064620586882458,29.85080389034941,6.105620246361095,0.2526313389050596,0.0,-8.283153282863548,-3.1205985025277845,4.822809469031111,-0.06587046196267637,-0.003036372318472361,0.0,428.9512263599447,430.1536980568917,428.5070142894768,431.3613681414925
4.999999999999981,-13.20140526392535,-4.1273349695021855,29.946857626194873,6.104309384876482,0.25258450567756885,0.0,-8.345013196264354,-3.1508397594449673,4.782564115515245,-0.06948923375432449,-0.008307846282940016,0.0,428.7671772685919,427.4211729552643,428.12768106124736,427.1993016443043
5.019999999999981,-13.369071415818109,-4.190755470170327,30.04265158331314,6.102923764834452,0.2524314880468399,0.0,-8.421601993011514,-3.1912103073692437,4.796831596311575,-0.0666031869572922,-0.013434110991195987,0.0,480.57732878527275,479.4100651579338,480.1629572757247,480.81624108418276
