time,x,y,z,phi,theta,psi,x_velocity,y_velocity,z_velocity,phi_velocity,theta_velocity,psi_velocity,rotor_speed1,rotor_speed2,rotor_speed3,rotor_speed4
0.06,8.24854008331082e-08,1.7291881497155566e-07,10.00194286839474,0.00018736371067618052,6.283014827336917,0.0,1.0312089522238983e-05,1.5446617746522614e-05,0.06476020542696728,0.00873301038294642,-0.009235097788550384,0.0,425.16116552827987,424.36938902635194,426.0050368686184,426.75093347217387
0.12000000000000001,5.189558323780605e-06,5.889254194675163e-06,10.004719656405797,0.0008265239849958306,6.282507910836108,0.0,0.0002032437501742157,0.00022283381540415126,0.027801496240775648,0.01423929675590839,-0.006920269071825549,0.0,391.3390713875726,391.55455001140837,390.3906620893915,390.90390879402213
0.18,3.4825617501576164e-05,4.185819500472155e-05,10.011746815906346,0.0013600631061576607,6.281971583358262,0.0,0.0008383008053794631,0.0010584340901658937,0.20642089561090887,-0.004833319440649277,-0.013316866502503615,0.0,461.87873045457553,461.374191127358,461.47804496375073,459.970270174155
0.23999999999999996,0.00011157396777481013,0.00013065487820835878,10.025844328401673,0.0006983757226901588,6.280888312148509,0.0,0.0018078197340199629,0.0018601366865396594,0.26348417113178096,-0.027821001441387265,-0.029790456198205754,0.0,423.5260457183457,422.10705539804457,424.39630307371084,422.4190264077082
0.3,0.0002815610776872002,0.0002513009373096237,10.047418428546333,6.282095245021072,6.279140823250675,0.0,0.004062638084369685,0.0019618125588585556,0.45559445605849935,-0.034108624768864955,-0.02782591006020197,0.0,465.2184079592998,465.37197251065663,465.5667339825698,465.0743596280382
0.36000000000000004,0.0006149292654412731,0.00033865353570703007,10.077719429200496,6.279728460353242,6.277654121018767,0.0,0.007209528234421256,0.0007283743143894031,0.5543944551858712,-0.053135372661613584,-0.019291069262451797,0.0,436.8267902265465,437.5376988746026,437.12358832745787,435.5344817740003
0.4200000000000001,0.0011994289913013576,0.0002753865497352584,10.119751674096104,6.27651967510864,6.276372629104575,0.0,0.012431426222881662,-0.003253805734801773,0.8465074704289712,-0.05417730232335317,-0.025850621607745858,0.0,495.09712890138667,494.61439091886524,494.140286572134,494.06191207744996
0.48000000000000015,0.002119168636280512,-9.702095653438324e-05,10.177398364521888,6.273898853757146,6.274994939900717,0.0,0.01840176114600204,-0.009506879868992913,1.0748582276912517,-0.02828050190035275,-0.017732946068634625,0.0,476.97799972671993,477.5974506829158,475.01279428693766,476.99321081754124
0.5400000000000001,0.0033946147372884137,-0.0008635652233844857,10.244653335798164,6.271894050935533,6.273598079675285,0.0,0.02423304488998497,-0.01622755615020851,1.1668814243537242,-0.04641792048045736,-0.037696697581709376,0.0,436.2164062563467,434.5461733280773,436.4822775256517,434.965609113268
0.6000000000000002,0.005026540300862271,-0.0020474409973222584,10.314806687556183,6.268976512742377,6.271527326620916,0.0,0.03035423647791667,-0.02348513613386299,1.171553606274805,-0.053451723433349994,-0.02880450422063821,0.0,406.7152782732481,407.5101927486064,407.11603575261523,406.484549538269
0.6600000000000003,0.007148281016697539,-0.0038278662717966903,10.392517429083762,6.265551628830963,6.269643064968893,0.0,0.040589959158827335,-0.03626712227219221,1.41852187813753,-0.06555894314810261,-0.037188860546772444,0.0,483.25298699743604,482.62037144003625,482.88464825421096,481.96856094826967
0.7200000000000003,0.009864495245780544,-0.006373315206657747,10.48008709417378,6.2616183284183755,6.267350317727054,0.0,0.05017360400739009,-0.0489698358636301,1.5003516756392195,-0.06554713955110654,-0.04034196551035152,0.0,432.87986776929654,432.61372329677926,433.58754258559384,433.5852372660609
0.7800000000000004,0.013251716866054178,-0.009827399981702614,10.575586799464809,6.257282100007576,6.264530540438081,0.0,0.06302277307588702,-0.06662645946461916,1.6827047777250994,-0.09118496219428314,-0.06562697994203649,0.0,465.89456036083874,463.91216863964314,465.2370321509447,463.2214034253798
0.8400000000000004,0.017532696336504016,-0.014519571688687564,10.684698206478044,6.25199058893004,6.261118226790106,0.0,0.08013108919465128,-0.09045199389280806,1.9538892275928146,-0.08279594514039752,-0.04346198556226158,0.0,489.81014013488317,491.4535924440303,491.07484630468764,491.6909969735998
0.9000000000000005,0.022772119202220147,-0.020560997293156257,10.803397326212835,6.247135167607315,6.2583229163364855,0.0,0.09476862070160422,-0.11138948097143847,2.0026405268976997,-0.07742209524467612,-0.053715412550765534,0.0,424.5061115402887,423.62396023325186,424.30753142616925,424.7629654267835
0.9600000000000005,0.029020103479944562,-0.028058730939437906,10.92794927494244,6.2424787300662565,6.2550391455840675,0.0,0.11384473985178864,-0.13903106332041923,2.1487962548355175,-0.07798005890417918,-0.05683815484601132,0.0,455.00400841820726,454.7520200928183,455.9260845469757,455.8768831314931
1.0200000000000005,0.03645675813394461,-0.03727601267424801,11.060265698248044,6.237970901240136,6.251880296616575,0.0,0.13437749077007335,-0.16867891064250276,2.2615004416583693,-0.06996919783926768,-0.04536582977383393,0.0,445.44963129253983,446.38491616915314,445.1071864908782,445.75782511630314
1.0800000000000005,0.04514068116328513,-0.048294954316932925,11.1978136724325,6.23397710317353,6.24936953744594,0.0,0.1553337150952796,-0.19900720556621873,2.3232767439019204,-0.060501650151124645,-0.035602508704365085,0.0,428.884049098243,429.7114233828715,430.29893073672065,431.09613876648444
1.1400000000000006,0.055151922937269324,-0.06124247020012198,11.339729308329126,6.230781732271264,6.247124906883091,0.0,0.17858585519329068,-0.23290504234226522,2.407040847130598,-0.041712187704010265,-0.041295692097049426,0.0,437.3918244153262,436.9167494890002,436.8819657959541,438.4437329528743
1.2000000000000006,0.06652440465830863,-0.07616954837575733,11.484489000380949,6.228226841966819,6.245259077495131,0.0,0.20068364788941057,-0.26488805927809483,2.4182332142515643,-0.044378881630281385,-0.01602518778881979,0.0,413.5270928956789,415.7465674067905,413.61280464377785,413.37674363857326
1.2600000000000007,0.07949116072349102,-0.0934097225845652,11.636184261259588,6.225907220665819,6.244299106976095,0.0,0.231637058567608,-0.31005421973956226,2.6377644408447574,-0.029156796716510835,-0.015948202207642207,0.0,479.25965637873526,479.26562126543007,478.74005552946227,479.8961793856706
1.3200000000000007,0.09424234479532546,-0.11327182860873615,11.79860416904993,6.223745679533447,6.243560496592254,0.0,0.26014531179268846,-0.3522025333774892,2.7758816928492025,-0.05557531252858127,-0.005879119499409681,0.0,456.54856899556285,457.35135293927885,456.16113029274754,454.04589630161513
1.3800000000000008,0.11063597973544434,-0.1355934889636532,11.96725620776646,6.220065995628019,6.2433464315680585,0.0,0.2863278707915303,-0.392182215355081,2.8456491615663055,-0.07646281046975414,0.0006950769154630051,0.0,434.4598311685062,435.01075575832044,436.8528519115645,435.10472010237396
1.4400000000000008,0.1285583962359016,-0.160319454172712,12.138966176147576,6.215672782731254,6.243106419073644,0.0,0.3110877501911917,-0.43242518751692594,2.877896764305063,-0.06741988529318432,-0.01560554142665983,0.0,423.9467065192721,422.54383503746504,423.5703848567975,424.34288150607114
1.5000000000000009,0.14803505113601487,-0.1876455154802405,12.314139713726787,6.211586948422809,6.242760862918825,0.0,0.33818210419933636,-0.47883503299263547,2.9609642534496987,-0.06948683753416032,0.008920836461382519,0.0,439.62034209169957,441.64798927301825,440.0951181383627,439.92045704929933
1.560000000000001,0.16939146615384423,-0.21829146192566315,12.500524660482741,6.207365019345563,6.243112254401831,0.0,0.37360479947705827,-0.5431873816910867,3.2510279233262436,-0.07218238438952994,-0.0011111116334496462,0.0,501.8395223134933,501.1107221551187,503.23545369119773,503.0371474817523
1.620000000000001,0.19277188563739817,-0.2527310722440741,12.701956492315807,6.202655790081021,6.242986332755116,0.0,0.4057257422247062,-0.6052839457816095,3.4626827945259673,-0.09569348634462471,-0.004151030151275685,0.0,482.51139429163277,482.28188461738506,481.8093249062111,480.0238030835787
1.680000000000001,0.21795565106652062,-0.29075912407390203,12.912928865009123,6.196874008821187,6.242748637904565,0.0,0.433741512766927,-0.6628855970718871,3.569325950305813,-0.09773580731795961,-0.003585326846390321,0.0,451.98939142935245,452.0350579466983,451.1474355666303,450.9747170261497
1.740000000000001,0.24478825586588723,-0.33228702346604705,13.129396967681664,6.190860409218299,6.242059673979972,0.0,0.4607010453995857,-0.7219427427124109,3.6459535266521295,-0.10573766572146137,-0.036071212176028905,0.0,444.35551138905583,441.6842815029063,443.28420013205937,442.61737545691324
1.8000000000000012,0.27327885027300014,-0.37752465511013783,13.350921436334325,6.184873774920181,6.239823676184315,0.0,0.4891921542547996,-0.7865704550288429,3.7377949182349535,-0.08994360351735237,-0.03977094346828259,0.0,449.05943340711616,448.75856300459594,447.42795684405155,448.7034060512223
1.8600000000000012,0.3035238322616791,-0.4267566871311616,13.577925274201332,6.180488372659589,6.23790144839726,0.0,0.5191712129034287,-0.8549492175146688,3.828602568045697,-0.05163052279694309,-0.01987193190508591,0.0,448.1782635953954,449.7923484342905,447.4686698575991,450.5722357466667
1.9200000000000013,0.3355661424789395,-0.48009375746741334,13.809585401489898,6.177684929141305,6.237157207909878,0.0,0.5489821234806262,-0.9232196397261893,3.893112532356293,-0.03837767803508041,-0.0005724307404077651,0.0,440.4471697661677,442.0406346293221,441.24508835753,442.3365298784066
1.9800000000000013,0.36953386670341776,-0.5378747937819965,14.047868613555897,6.1751413837055775,6.237951479529107,0.0,0.5831921202838253,-1.0030294578721362,4.049049803445604,-0.051955686316964386,0.032011145773573946,0.0,468.7910612101618,471.31623190720575,471.1049861180876,470.05295215577905
2.0400000000000014,0.4055064774819722,-0.600453668361126,14.295013690916429,6.171997724980635,6.239531351245294,0.0,0.6156710728753579,-1.0832233665540358,4.18854181613901,-0.05328598288867056,0.011450059308863184,0.0,466.62330460376364,465.0154261779531,467.4857972096186,467.380484488901
2.1000000000000014,0.4431907533283811,-0.667387699175182,14.545816018428535,6.168646944692666,6.239840100964944,0.0,0.6404213933742923,-1.1482038892898665,4.171530165558589,-0.061531344532178456,-0.012075459828706432,0.0,419.3803582933426,417.3316979530103,418.1118882631896,417.3904780658577
2.1600000000000015,0.4825292421963142,-0.7387347529678784,14.799501315941022,6.165030635078132,6.239424858828585,0.0,0.6708945937536329,-1.2303696746681059,4.284125279438854,-0.05786583864243136,0.001787558014405272,0.0,459.90231429659104,460.9992288144638,458.7907481787145,459.0792627364821
2.2200000000000015,0.5238593863590243,-0.8155211620806009,15.063544162049316,6.161244696475924,6.24011144226068,0.0,0.7066746794766315,-1.3295155980082614,4.516286908537902,-0.07643193696295464,0.025906559351896986,0.0,495.49794236430137,497.26794391199,496.3218262962775,494.95465220459533
2.2800000000000016,0.5669927144367292,-0.8974437876399852,15.334096783223925,6.1563645287953435,6.241729239343119,0.0,0.7309604522193321,-1.401656597482363,4.502092605250877,-0.0935906872095074,0.028996844982434777,0.0,422.49085130443586,422.7574511928008,423.0077637268822,421.5214712222252
2.3400000000000016,0.6115881801901534,-0.9838933427359524,15.604631836069217,6.1514297476537205,6.243517866996994,0.0,0.7553847054267979,-1.4804634960383822,4.515572987678756,-0.06594082064263213,0.03138970078299842,0.0,431.4653418396134,431.66764403884093,430.6755494133016,433.0020686680211
2.4000000000000017,0.657637319774069,-1.075236609077209,15.876544063195979,6.14768218348425,6.245685275010615,0.0,0.7793824183739801,-1.5646628673931642,4.547934879272638,-0.05627770492158339,0.04421775042533019,0.0,438.17733754474847,439.243194344573,437.2577344770216,438.05918846754656
2.4600000000000017,0.7051820697698774,-1.1720718084229933,16.153075883530484,6.144897431142695,6.248157309098541,0.0,0.8051405914807529,-1.6634450130538674,4.669190869670193,-0.031715255543334715,0.034357811794392394,0.0,466.63513264465774,465.8655187727987,465.6765367682411,467.59282595950486
2.520000000000002,0.7543783033839079,-1.2755250091344572,16.441403654732152,6.143438453565997,6.249937447321429,0.0,0.834433353777642,-1.7850638994722,4.940471911237975,-0.012573358154537126,0.018086723916132717,0.0,511.16175505439963,510.00094404801143,510.77534546064226,512.1387473046965
2.580000000000002,0.805087178543427,-1.3854644281255297,16.73996358596165,6.142369182722581,6.250679377104932,0.0,0.8557498673678696,-1.879651322234954,5.011132699709123,-0.031210438507529532,-0.0026657973843812223,0.0,455.82449819286455,454.1627177260522,455.20976945002496,453.7157597032493
2.640000000000002,0.8570583608055572,-1.5010883175622327,17.042596361968442,6.14041182620101,6.250325988083066,0.0,0.8766302053057938,-1.9746457805340731,5.076223872878506,-0.035607492308325446,-0.013276337189843975,0.0,454.39823644003417,453.54681287607525,453.89468798664967,453.5412340025835
2.700000000000002,0.9102241268706878,-1.6221700830087113,17.347129842789517,6.138613615451884,6.249455055557821,0.0,0.8956289704403573,-2.0616101661113624,5.074791571464467,-0.02057939055028251,-0.01711676382987068,0.0,433.49660194013404,433.1738165047042,432.98847019913006,434.2507866417684
2.760000000000002,0.9645683055234503,-1.7486043362702777,17.652241435403855,6.137478974319398,6.248265864627918,0.0,0.9159345659293694,-2.1529892542680096,5.095399361308495,-0.01576654680549838,-0.025862994912903094,0.0,441.25191995508237,440.529197799465,440.5626838903151,440.96055238424566
2.820000000000002,1.020151504827441,-1.8805434101798746,17.958538964452163,6.136394591610959,6.247295480034618,0.0,0.936939375174804,-2.2450926316456896,5.11432970145884,-0.02313859611618812,-0.0016712804902221708,0.0,439.77721760549935,441.7768297712764,440.93775220513584,440.3282631060788
2.880000000000002,1.0769343358386445,-2.017740675116207,18.263950212394246,6.134849638484775,6.247277359321181,0.0,0.9558259456440712,-2.3283373873869175,5.0661721746794806,-0.03156078351217643,0.0023049926299875435,0.0,419.1984472711868,419.5439004176886,418.9920020576006,418.2588237583217
2.940000000000002,1.1349460868594323,-2.1603704429700574,18.569145941871014,6.1326395828701905,6.247128705120463,0.0,0.9778812637717165,-2.4261854362901176,5.106708280966735,-0.05030654742445839,-0.014356854023259145,0.0,448.48405592037636,447.1285231058845,448.4643963971898,446.93821719891736
3.000000000000002,1.194234879325632,-2.308711313959132,18.87536337346587,6.131054589780437,6.246348697187777,0.0,0.9984762871538428,-2.5187342424885197,5.1004409879771835,0.00014510361902861715,-0.010416159885752984,0.0,432.9903206770352,433.3218901005849,431.47156020904276,435.7101653578442
3.0600000000000023,1.2548729185761354,-2.46305291067446,19.18391469022482,6.131157452188086,6.245778556581932,0.0,1.0228284771150542,-2.625971385272025,5.184116039698563,0.0046816587038930844,-0.00773461164338903,0.0,461.9286717160727,462.14024515864264,461.8512824667282,462.20896992662654
3.1200000000000023,1.3170214931251716,-2.6239985810258175,19.49852534460042,6.131340452225816,6.2449197249716555,0.0,1.0488247033683715,-2.7388285757717243,5.302243397475407,-0.00043142453710423145,-0.032641041937515144,0.0,474.84469200286446,472.9299485326911,473.24773405726603,472.8538860428548
3.1800000000000024,1.380693044960717,-2.7914910054607787,19.818683123470564,6.131872184050767,6.2430739596901965,0.0,1.073727290103485,-2.844231946474729,5.369252947244049,0.022909812626637376,-0.0272490972820332,0.0,458.77419351814433,459.20190096977825,458.6451065520598,460.4954468362537
3.2400000000000024,1.4458763914011719,-2.9652435762793004,20.142435877659725,6.133124400341062,6.241239281900654,0.0,1.0991987043832516,-2.947424705101039,5.422167772296673,0.016443083876972943,-0.038241280910526976,0.0,456.0470006153152,455.1676840135432,456.1797315421681,455.6629419872713
3.3000000000000025,1.5125120179041456,-3.1447824638768513,20.46672226068449,6.134329226593504,6.239018539416897,0.0,1.1221772312084208,-3.0372135541261933,5.387475490228853,0.02651004852475078,-0.034661897104476355,0.0,427.9086144783743,428.21257862720654,428.2441023646748,429.0997204298102
3.3600000000000025,1.5806522318329708,-3.3300034888048398,20.790925391954463,6.136070844813943,6.237132153324865,0.0,1.149332092106769,-3.1367236969129575,5.419070877426428,0.033636790437834685,-0.025670362726316655,0.0,448.54570157821587,449.27510489772203,449.9535533250813,450.5304813243229
3.4200000000000026,1.6502695253907438,-3.5205967808419434,21.113078065087958,6.137917099001331,6.235549578715034,0.0,1.1713740651626483,-3.2164078694076914,5.3198031612167265,0.02431634234836078,-0.02782653768685533,0.0,407.198230782905,407.00504004226406,406.6644344680908,405.82891834628316
3.4800000000000026,1.7212646893210264,-3.716063980609199,21.42995333030147,6.139588881150871,6.234079472168871,0.0,1.1952607526424852,-3.2991916459908426,5.243030592426476,0.0341496227248239,-0.018567475497972916,0.0,412.96363260762064,413.77958034456043,413.0753495005293,413.94202980310405
3.5400000000000027,1.7939222939022885,-3.917096709717048,21.746419695112053,6.141530788765273,6.232951078134269,0.0,1.22674261775273,-3.401758249133499,5.305491661998782,0.028534063657671267,-0.0192890555691415,0.0,458.0650151660202,458.00768332286134,458.27626726618234,457.8299642264009
3.6000000000000028,1.8681987375203923,-4.1234566213546735,22.060933295713323,6.143125139005264,6.231979440850354,0.0,1.2492335204548208,-3.4769812600660917,5.178877076659561,0.022329156856911486,-0.010629053884713698,0.0,395.6423339490121,396.43909182545497,396.3482136461914,395.77764553277234
3.660000000000003,1.944232387793074,-4.335408013600665,22.37550625994196,6.1443646306891,6.231335139307266,0.0,1.2852444283773627,-3.5879386492896996,5.306196553395119,0.01708761659274748,-0.010957871254245351,0.0,477.20100825153474,477.1760372817156,477.5332412263033,477.13313103806735
3.720000000000003,2.022075037907642,-4.553046996051357,22.690791727612645,6.1452715222526315,6.230398451749565,0.0,1.3095813965734033,-3.666798119194773,5.20376919183086,0.010844753447280139,-0.027085541176782805,0.0,405.642779318802,404.19162486936904,405.1798418679283,404.61799663859665
3.780000000000003,2.1013538679745483,-4.775328518222569,22.999216375211443,6.1462787929129306,6.229177408064,0.0,1.3331646608485517,-3.742718706748404,5.077604045159261,0.026603859448244248,-0.00946859874209795,0.0,394.99791784853596,396.6195158185078,394.3961173503065,395.8492666718291
3.840000000000003,2.182406008613295,-5.003042043002309,23.306392526931763,6.147573895529007,6.228174362250641,0.0,1.3686093030202895,-3.847643267598531,5.161139495367998,0.008951822200255172,-0.03799504714079028,0.0,465.1378425901906,462.89806357932986,463.5453644794043,462.15589171226054
3.900000000000003,2.2656905775213794,-5.237253346225506,23.620047912853494,6.147812574215774,6.226861447398116,0.0,1.4076742249910033,-3.9593726140697405,5.293281417966555,-0.008512029405486309,-0.0010396656724049966,0.0,478.3587839717904,481.1649689545343,478.9631450308151,477.6328514449205
3.960000000000003,2.351456658703568,-5.478477516550963,23.943729919578118,6.147353100763047,6.2274993788165105,0.0,1.4510745810213093,-4.081452902142065,5.494969308189538,-0.006002055480514509,0.02728886961250934,0.0,498.693478681121,500.75869871985645,501.476478441277,501.65891795073753
4.020000000000002,2.4394718464081984,-5.726254849625194,24.273615107616884,6.147131713365994,6.229180651430394,0.0,1.48259273766608,-4.177926351920124,5.501086490807243,0.0005745743242513714,0.0294468607695956,0.0,443.7798669650258,443.9572085024312,444.3288430009574,444.8678617839402
4.080000000000001,2.529509494917192,-5.980266856795704,24.606922992253622,6.1477610877157005,6.2308088770135654,0.0,1.518431396249554,-4.28914822356854,5.608536823621196,0.025247124937365088,0.02206403444053514,0.0,476.1326486096951,475.5674979288689,474.6124363397068,476.50257947141233
4.14,2.6215892298296386,-6.240777102152836,24.945317175915363,6.149477501527656,6.232141711480654,0.0,1.5507255827404138,-4.394467928244844,5.670902273480048,0.03459697632198716,0.022511952703072692,0.0,463.52403081318215,463.55923522203284,462.7594366653439,463.49517786654013
4.199999999999998,2.715445540322789,-6.50725969346131,25.2849032283546,6.151345355255257,6.233504287838468,0.0,1.5776893688409834,-4.4882880966230685,5.648738452633212,0.02309828145962934,0.023101968895079084,0.0,437.5937499208728,437.6429153513149,437.80191085836907,436.84425243614794
4.259999999999997,2.81091265437876,-6.779427252846756,25.62356887252544,6.152978600750904,6.235029932211383,0.0,1.604402865429648,-4.583992255380232,5.640136039342213,0.0344001788965777,0.02971344156595713,0.0,442.1286175334667,442.67323648615735,440.4034860599314,441.3376908115225
4.319999999999996,2.9080187260452943,-7.057523253307688,25.963128756494566,6.154804167262455,6.236656609114119,0.0,1.6322749106443675,-4.685828698280098,5.678311364514213,0.020978253579868135,0.021320791358289237,0.0,456.388133678637,455.71778527033956,457.150450002094,456.0797481314651
4.379999999999995,3.006932988562365,-7.342196669802794,26.3085973594718,6.156527545002495,6.237591213234175,0.0,1.664679293725363,-4.803166085306737,5.836406333077232,0.04090237764789648,0.0004638983574816076,0.0,493.5973396566075,492.055332479015,491.64115326727523,493.1155797066928
4.439999999999993,3.107659117840332,-7.633590484001803,26.661098873303224,6.159181045628877,6.237842972229515,0.0,1.6928086744942048,-4.909833560125902,5.913210700529084,0.05015503816328073,0.010774662850771336,0.0,469.5162934089974,470.3156636692204,470.58730049306826,471.3041073586659
4.499999999999992,3.2098445065526913,-7.930773681114052,27.013430777267114,6.162246135266308,6.238755242264077,0.0,1.713315500104149,-4.996295067559403,5.831675179585448,0.05288178543171501,0.022848953440667556,0.0,421.22694725418376,422.2700063388884,420.11063217280184,420.34888427106347
4.559999999999991,3.3134130757898093,-8.23360445036836,27.364740293792757,6.16537851203773,6.239968147378203,0.0,1.7388170238264267,-5.097935201858357,5.878422379129211,0.05082036058664621,0.014345188402534306,0.0,461.52914161450644,460.8572933976995,461.1231961069686,460.9619440956503
4.6199999999999894,3.4185393406477758,-8.542659036726556,27.720085746859795,6.168106336251498,6.241107981747158,0.0,1.7652506933756595,-5.203734758287014,5.965964404628284,0.031711297392527066,0.026972126201277147,0.0,473.2657608416345,474.2367864363615,474.8173752038416,473.34981060199726
4.679999999999988,3.525194806341485,-8.857976324266701,28.080046949759282,6.170257581670571,6.242886750856449,0.0,1.7897283574791785,-5.306794734158963,6.032372866403239,0.04306399830959289,0.03451877921469363,0.0,468.47220442490317,469.05898689491426,467.8406478849253,468.72443882474954
4.739999999999987,3.633157382103011,-9.17913919589387,28.44103907840995,6.172714624923049,6.246162771744549,0.0,1.808771334971779,-5.398655810957042,6.000927953808674,0.03634968799864951,0.07857719019627829,0.0,437.35253228209785,441.00946554276464,438.55920332808483,438.00191528657433
4.799999999999986,3.7422477857114815,-9.505976064583463,28.801600838044095,6.175027468082984,6.2506422075141135,0.0,1.8271240921645573,-5.495906493292886,6.01776255587864,0.04261467241282966,0.06536845651026796,0.0,453.84317565309533,452.78570405491126,453.5100799420258,454.0138241429148
4.859999999999984,3.8523406343669517,-9.838603462377304,29.16276921132293,6.177622356361949,6.254179878018682,0.0,1.8422767449210125,-5.5916671241185085,6.021231615549048,0.04448554079679269,0.04134312098997149,0.0,449.88492166336744,447.93719193101055,449.8467140497832,449.9992318779459
4.919999999999983,3.9632729591194447,-10.176952476991389,29.52394239404403,6.179891391904549,6.256808929189276,0.0,1.8552244049252145,-5.686641189476997,6.017948576648224,0.019124759206138965,0.04835520134630987,0.0,447.1406508207621,447.7127290748474,448.00360121486614,445.936889468992
4.979999999999982,4.075024956273629,-10.52138835372825,29.888593544664236,6.181323148134144,6.2601306945865165,0.0,1.8694705808524745,-5.794558041955076,6.1364150983352355,0.031963717980069944,0.06659943015444264,0.0,483.2399907025287,484.61531763101,483.67002650239823,484.636226516244
5.0399999999999805,4.187384982975419,-10.871553215094508,30.252926614221185,6.183098044292922,6.26440429356461,0.0,1.8755682486048098,-5.877780521279602,6.008813105804882,0.02433301472986189,0.07916151136765216,0.0,406.8316037870674,407.9595011892969,407.8245602819383,407.14256960566627
