time,x,y,z,phi,theta,psi,x_velocity,y_velocity,z_velocity,phi_velocity,theta_velocity,psi_velocity,rotor_speed1,rotor_speed2,rotor_speed3,rotor_speed4
0.02,0.0,0.0,10.000521780889052,4.044146831194695e-05,8.572113079807764e-06,0.0,0.0,0.0,0.05217808890515385,0.008993494127604867,0.0041405586772834055,0.0,453.91211261841045,454.9076815939931,453.4642525198936,455.6260331776534
0.04,-1.826493693482939e-08,8.617021975384296e-08,10.001734081814957,0.00023269017826699212,9.140790976047697e-05,0.0,-1.8264936934829391e-06,8.617021975384295e-06,0.06905200368550281,0.004017787664632983,0.003918643671139207,0.0,420.53951976953414,420.4817834363442,422.02467536649,420.7344004973267
0.06,-2.53105827088656e-07,7.633359557103001e-07,10.00332263884614,0.00032884615560924146,0.0002015090405569353,0.0,-2.165759532189972e-05,5.909955162026142e-05,0.08980369943277075,-0.0016036399208095966,-0.004047316079423516,0.0,426.5600749808339,424.51467461496696,424.70597718503586,423.257257386268
0.08,-1.187793016551952e-06,2.7637912279943783e-06,10.005645609847434,0.0002987627867732101,0.00014263959351978883,0.0,-7.181112362442987e-05,0.00014094597560814642,0.14249340069661254,0.0003910678671812384,0.0025975126694700573,0.0,454.19384225550766,455.7895888556486,454.67990950947654,455.1590235306672
0.1,-3.074570738591616e-06,6.526411755635221e-06,10.009692174569137,0.00033271901157494455,0.00020192777941296924,0.0,-0.00011686664857953654,0.0002353160771559378,0.2621630714737012,0.0076208489784325515,0.00642842183138768,0.0,512.3970506299985,513.2132276365988,511.50272283169204,513.0447224159136
0.12000000000000001,-5.891882316053026e-06,1.2023600095790071e-05,10.015350417292462,0.0005381168661884317,0.0004449702839872671,0.0,-0.00016486450916660447,0.00031440275685954723,0.3036612008587792,-0.0026729234150624503,-0.008702610383686273,0.0,446.7300553743157,443.0137320643024,445.7284815096896,443.1978667183962
0.14,-1.0439109451576487e-05,1.9823243883191718e-05,10.02227067537263,0.00048499515134992066,0.00027236206412339925,0.0,-0.00028985820438574177,0.00046556162188061734,0.388364607158021,-0.0018522487380944897,-0.007003205893991286,0.0,483.1272865087975,483.5115896557851,483.4011936835256,483.58670796153075
0.16,-1.692226727738722e-05,3.0356024734147346e-05,10.030594649734056,0.0005552828927690712,0.0001508994042556111,0.0,-0.00035845757819533136,0.0005877164632149454,0.4440328289846063,0.012799216456968021,-0.013102625212636132,0.0,459.7567085221099,458.3049840342943,454.81986311420746,458.32614394785645
0.18,-2.4461820907536322e-05,4.347336552378678e-05,10.039967932464075,0.0008370722835904232,6.283082193033096,0.0,-0.0003954977848195792,0.0007240176157489978,0.49329544401741265,0.019983235065207303,-0.017112351763624942,0.0,453.29930392913724,452.3318916192951,450.29875519246775,452.0384409946317
0.19999999999999998,-3.2077139181535015e-05,6.0345567113543544e-05,10.050729239921449,0.0012516709214205335,6.282760674578011,0.0,-0.0003660340425802901,0.0009632025432266792,0.5828353017199164,0.014518084284918322,-0.023551075268674282,0.0,488.30630566180946,486.8635581409946,488.38749963488397,487.1632237595532
0.21999999999999997,-3.833178076228737e-05,8.275193898769257e-05,10.062934445769157,0.0015633045331782114,6.282291239488508,0.0,-0.0002594301154949453,0.001277434644188224,0.6376852830510545,0.007995519442895997,-0.02176983083231263,0.0,456.9742224469948,457.3998834977926,458.06255323179073,456.5039293439174
0.23999999999999996,-4.114995761447118e-05,0.00011244539510601857,10.076377432818132,0.0017323596929852414,6.281865940223891,0.0,-2.238756972343519e-05,0.0016919109676443763,0.7066134218465182,0.012272146840529574,-0.026263682639244057,0.0,470.8135719852709,469.76952092454513,469.0572919036873,470.0523306689286
0.25999999999999995,-3.861036156820282e-05,0.00015020607173440602,10.090811927531577,0.0019800648231829143,6.281353698663896,0.0,0.00027634717435027134,0.002084156695194368,0.7368360494980475,0.014399207435379046,-0.031368992186978965,0.0,435.2266246083348,433.9428685035094,433.977620420679,434.5127146525537
0.27999999999999997,-2.8208374343499658e-05,0.00019715937799210978,10.10624826200249,0.002291931035708572,6.280749758202287,0.0,0.0007638515481200445,0.0026111739305760065,0.8067973975932987,0.007488047790538652,-0.03821579905311355,0.0,472.91375205175945,471.32888818416137,470.594108712216,468.98657667234716
0.3,-7.394297206449117e-06,0.00025459338630822923,10.122695630539557,0.0024861934028113097,6.280010270577229,0.0,0.0013175561655850096,0.003132226901035935,0.8379394561132786,0.016922178518051927,-0.031169047176641186,0.0,433.3561406077951,435.1285244801538,435.4507536762276,437.81150445031193
0.32,2.6596528161022727e-05,0.00032322012242568795,10.139898584330954,0.0028515763482257483,6.2793933979832595,0.0,0.002081526371162175,0.0037304467107099363,0.8823559230265152,0.009581963936298244,-0.034776913460921106,0.0,448.7074778587348,447.8277286436374,448.596143305815,446.80460769198845
0.34,7.496315862587819e-05,0.0004028946814659956,10.15736012997364,0.003043346240153788,6.278697860004076,0.0,0.00275513667532337,0.0042370091933208315,0.8637986412421031,0.01009306706083508,-0.03475282882510959,0.0,385.3342069305675,385.3403196043236,384.9966501231824,385.1415729361415
0.36000000000000004,0.00014479626482268336,0.0004976247810765886,10.175956639769717,0.0032465811330775196,6.2780408085064785,0.0,0.004228173944357145,0.0052360007677384685,0.9958523383656264,0.01175050587242603,-0.043471209283034565,0.0,524.6760540541463,522.8569663290627,522.2166775707854,522.5632129772414
0.38000000000000006,0.0002413645781908695,0.0006099206902315965,10.196245182894891,0.003496026276756048,6.277175742749183,0.0,0.0054286573924614695,0.005993590147762311,1.0330019741516607,0.006377419937931786,-0.0405187769414374,0.0,441.70753186440345,442.43621748638685,441.5155946384472,440.183724731761
0.4000000000000001,0.00036295132397145706,0.0007373629413378245,10.217108664587618,0.00363177780745616,6.276365637975051,0.0,0.006730017185597288,0.006750634962860483,1.053346195121049,0.0023269552877712594,-0.03978289013306061,0.0,425.7852306303082,425.9731048551588,425.46384215338463,424.4222258385886
0.4200000000000001,0.0005178091841625415,0.0008831634420087736,10.239183977398884,0.003678331205419383,6.275571338859393,0.0,0.008755768833511153,0.007829415104234426,1.1541850860055376,0.002496024549590683,-0.038134444195900466,0.0,498.1500744026534,498.51090291451874,497.55548738548424,497.5925657055354
0.4400000000000001,0.0007100687269527434,0.001048033906209327,10.262557293274503,0.0037298059312389498,6.2748154368316875,0.0,0.010470185445509053,0.008657631315820915,1.183146501556212,0.00425910981556071,-0.0344501922471654,0.0,433.09106512821046,434.0188584965395,434.2373687380704,434.68074052986407
0.46000000000000013,0.0009399114342580145,0.0012302943040410008,10.286700122587945,0.003829233987805658,6.274139579539344,0.0,0.012514085285018055,0.009568408467346471,1.2311364297880034,-0.0010786538088525099,-0.029322511952774594,0.0,450.98495901571687,452.2251512256614,452.9088696809919,451.61917310964236
0.48000000000000015,0.001213792747307384,0.001431652250805877,10.311969684892846,0.003848056294623703,6.273554288632194,0.0,0.014874046019918888,0.010567386209141154,1.2958198007020414,0.007909714563093901,-0.027799796020444065,0.0,467.09826630741384,467.4541275554013,465.96450727415754,468.0675476827024
0.5000000000000001,0.0015352713320796946,0.001652587748925519,10.338415693855595,0.004006930545174647,6.27302127988413,0.0,0.017273812457312177,0.011526163602823051,1.3487810955726793,0.009075870031965236,-0.03458023440505661,0.0,458.1154235795861,456.4951278590216,456.0362467405911,456.3154605964491
0.5200000000000001,0.001903016300865916,0.0018918894719494605,10.36562016301599,0.004193988997594822,6.272335791117682,0.0,0.019500684421309953,0.012404008699571102,1.3716658204668135,0.01240484938940903,-0.0380776396298151,0.0,429.5271499693775,428.63595203010055,427.7298439661815,428.57931808342306
0.5400000000000001,0.0023183267495576064,0.0021497477872742345,10.393422978922747,0.00458487526104534,6.271613918416376,0.0,0.022030360447859092,0.013381822832906273,1.4086157702088962,0.029303918929592068,-0.02916920640153842,0.0,441.4847555880747,443.68345293694153,439.5470934019702,443.72812854187566
0.5600000000000002,0.002789859474985583,0.0024296369642299105,10.422305744420923,0.005174555608432385,6.271037205633757,0.0,0.025122912094938575,0.01460709486266134,1.4796607796087629,0.026619903730145878,-0.032821971220160284,0.0,473.788039338583,472.94466128875376,473.32491064800996,472.7050873181436
0.5800000000000002,0.003319335741871403,0.0027332866117222732,10.452160893035485,0.005707182910415831,6.270383794829829,0.0,0.02782471459364343,0.015757869886574925,1.5058540818474841,0.025942810856014402,-0.03528311748737341,0.0,431.4137378066205,430.7894640754681,433.33102380921747,433.16042645966286
0.6000000000000002,0.003907485135040374,0.003062555586026326,10.482788587639853,0.0062260576881350005,6.26968400867667,0.0,0.03099022472325373,0.01716902754383037,1.556915378589196,0.025750142232571816,-0.03185494112406121,0.0,454.9470909613776,455.7692277081896,455.7648502754669,455.7187687727319
0.6200000000000002,0.004562775271751194,0.0034222990216592275,10.514593030995009,0.006741957054728687,6.269101721961354,0.0,0.03453878894782826,0.018805316019459756,1.6235289569264266,0.02441109634648219,-0.04232509940029229,0.0,471.39636688160715,468.96278215014945,469.320798118825,469.00901612781615
0.6400000000000002,0.005286857661646304,0.003814348399652168,10.5474663677405,0.0072307619791436295,6.268263913108008,0.0,0.037869450041682774,0.0203996217798343,1.6638047176226491,0.02333128387606019,-0.03815541484145434,0.0,444.47183928471617,445.49478661802823,447.0260472543495,446.7620985735019
0.6600000000000003,0.00607911267237843,0.004239235217908259,10.581116924514216,0.00770134857568916,6.26750087132773,0.0,0.04135605103152973,0.022089060045774756,1.7012509597489731,0.020516707877952015,-0.037790677809086,0.0,442.6656749450174,442.75499039255175,444.4733234261125,443.7808856715354
0.6800000000000003,0.006941930835064971,0.004698542878359705,10.615455710944355,0.008128959952594883,6.266766156774299,0.0,0.044925765237124396,0.023841705999369894,1.732627683264922,0.02639501024288563,-0.0312946786172268,0.0,436.4974467605809,438.1199212682958,437.5788990663722,439.0443622047972
0.7000000000000003,0.007877674973052697,0.005193806944573687,10.650413463501783,0.008664119086503774,6.266142256450193,0.0,0.0486486485616483,0.025684700622028243,1.7631475724778876,0.022584779527690824,-0.029298057351925415,0.0,436.96377272469374,437.46242690453465,437.4650263881246,436.5124088921001
0.7200000000000003,0.008887219201056831,0.005726090836165388,10.685860034334627,0.009145335988630876,6.265561824713419,0.0,0.05230577423876514,0.027543688537141876,1.7815095108064043,0.03026869930520205,-0.025972576856005552,0.0,425.2591611956736,426.11250957454854,424.2882535776187,426.2626651299075
0.7400000000000003,0.00997643179073369,0.006299326767870914,10.721973417115827,0.009750894499453544,6.265048867278832,0.0,0.0566154847289206,0.029779904633410605,1.8298287673135183,0.029661204912046095,-0.022368661614720117,0.0,453.63719553978723,454.50436181539516,453.7704275036721,453.6243900590932
0.7600000000000003,0.011151531794636156,0.006917928486420396,10.758967113310085,0.010371407099724728,6.2646277601944345,0.0,0.06089451566132612,0.03208026722153767,1.8695408521123658,0.037048829974332384,-0.02961657826666847,0.0,446.3800014452373,444.6021624954911,445.7850126963294,447.5925029492133
0.7800000000000004,0.012414785585375255,0.007584884122443965,10.796840160684697,0.011114225722280047,6.26405739194967,0.0,0.06543086341258378,0.03461529638081913,1.9177638853488994,0.03896821689119741,-0.022988860625005048,0.0,453.876559358256,455.46917030829076,453.28156404265843,453.74464449637225
0.8000000000000004,0.013776958145323287,0.008308305142197353,10.836032968319554,0.011913394681748457,6.263610906496034,0.0,0.07078639258221942,0.037726805594519845,2.0015168781366866,0.03267462941747602,-0.017832939977390046,0.0,485.0682982886367,486.22840292348246,486.47486876223144,485.0597518649335
0.8200000000000004,0.015241193011462463,0.009092361049238835,10.876579127445604,0.012571816231734978,6.263260532600164,0.0,0.07563709403169809,0.04067878510962851,2.053099034468347,0.03581436241140047,-0.01428754756570413,0.0,457.81383852870067,458.6593713427261,456.6418378155542,457.39292841327654
0.8400000000000004,0.016803065718512537,0.00993693404594413,10.918144675249543,0.013290443100733462,6.2629769429087965,0.0,0.08055017667330923,0.043778514560900976,2.1034557459255536,0.03365120695220523,-0.012208480492190867,0.0,456.52839030639285,457.0258784318215,456.8893243697351,456.3722016752496
0.8600000000000004,0.01845035771759271,0.01083636939071457,10.960047424471414,0.013963481736824157,6.26274973584634,0.0,0.08417902323470847,0.04616501991614306,2.0868191762615176,0.03348093043208807,-0.006383955209078416,0.0,391.36146845444813,392.9845406619402,390.1973308312022,390.1502684067055
0.8800000000000004,0.020184947038904878,0.011794521794454393,11.0023176787215,0.0146367304182915,6.262628325360335,0.0,0.08927990889650811,0.0496502204578392,2.140206248747218,0.03617539617699647,-0.009924751214609534,0.0,460.319901193106,459.4786975281798,458.9552000950539,459.5966934385595
0.9000000000000005,0.022019592778871954,0.012822447338829942,11.045545592879108,0.015380236328279118,6.262512532671327,0.0,0.09418466510019961,0.053142333979715704,2.1825851670136784,0.029851159235193846,0.002936223498267377,0.0,448.29799561928945,451.4221634354561,450.35038224551585,448.81379273342407
0.9200000000000005,0.023954497755010476,0.013923394144323094,11.089712426318789,0.016025115038492466,6.262645562320099,0.0,0.09930583251365253,0.05695234656959948,2.2340981769544426,0.039634361728183604,0.01512680829198104,0.0,457.5291894291817,460.4314877308253,456.3690781713374,458.7058791772539
0.9400000000000005,0.025995500134459133,0.015105263085383784,11.135104467881764,0.016837957338228016,6.262971784747791,0.0,0.10479440543121316,0.06123454753646955,2.3051059793431024,0.045983387664791237,0.008244038231497563,0.0,476.21787785972145,474.635784800925,475.4975282850995,476.95505422915875
0.9600000000000005,0.028135359036516115,0.016366585621958668,11.1814200524599,0.017762297101772795,6.263154555841936,0.0,0.10919148477448529,0.06489770612101863,2.326452478470524,0.04292658860400621,0.002262344572575752,0.0,431.3987164391539,429.88071812971987,430.8143903528143,430.0396484358925
0.9800000000000005,0.030365839211157406,0.017705912543040058,11.228316246099627,0.018622569739475736,6.263200785292295,0.0,0.11385653268964387,0.06903498598712028,2.36316688550199,0.04106064882832203,0.0008605179743159969,0.0,445.7556320598223,445.41179624385404,445.10430946374447,444.6469863819577
1.0000000000000004,0.03269050820254676,0.01913091818157504,11.27599661186225,0.0195006118594927,6.263221177797423,0.0,0.11861036644929107,0.07346557786637783,2.404869690760327,0.030399584767893853,0.0033832726756761987,0.0,450.2703821581908,450.88219655216756,450.7716022890848,448.18055440798537
1.0200000000000005,0.03510995636195832,0.020646383425662385,11.324498650040123,0.020130763481081004,6.2632923984498525,0.0,0.12333444949186595,0.07808094654235681,2.4453341270268454,0.023742269057966555,0.006049805599807728,0.0,449.1824817776061,449.83065977396546,449.4369723985105,447.8156696791874
1.0400000000000005,0.03761721311452703,0.022249068640578504,11.373483219611021,0.020605671110734747,6.263416663535427,0.0,0.12739122576500467,0.08218757494925523,2.453122830062907,0.023389427749346815,0.003492864623816732,0.0,418.23112683160855,417.56239769025467,417.939915918972,417.8477507270218
1.0600000000000005,0.04021051107302621,0.023940234137363715,11.422884586075183,0.021078274714946055,6.2634896672549125,0.0,0.13193857008491358,0.0869289747292659,2.4870138163533584,0.02028618775721789,0.0009843084611321391,0.0,443.6827084556541,443.0643613023631,443.32419166856937,442.5586508908474
1.0800000000000005,0.042896281985491745,0.025729130055769642,11.473049885576787,0.021486456348328353,6.263512599472389,0.0,0.13663852116164008,0.09196061711132669,2.5295161338068755,0.018069037226323244,-0.0015636508220909424,0.0,450.31786557383134,449.69911233012414,452.9035659412925,452.368260797292
1.1000000000000005,0.04566649612563605,0.027609260579339864,11.523582582294353,0.02186147603832822,6.263636497525768,0.0,0.14038289285279065,0.09605243524569534,2.5237535379497524,0.012846213186867461,-0.01918018111733874,0.0,407.00664493216186,402.24890041454654,405.2911504711239,403.8804224136936
1.1200000000000006,0.04852529263360683,0.02958752009169595,11.574712549233736,0.0221423233699376,6.263275855588812,0.0,0.14549675794428746,0.10177351598991309,2.5892431559885,0.019763303308034476,-0.025956859564889103,0.0,471.9646001980899,470.3930056765442,472.42592085950577,474.02308156579784
1.1400000000000006,0.05147986304709634,0.03167265622295957,11.62677847336492,0.02253759907443431,6.26282949404321,0.0,0.14996028340466366,0.10674009713644872,2.617349257129967,0.019624462851294846,-0.038021323555925704,0.0,439.99918046295363,436.9924245327118,438.211388103723,438.17673574118254
1.1600000000000006,0.0545331449891491,0.03386735342175888,11.679821034195877,0.022939801158078588,6.262083373803241,0.0,0.1553679108006123,0.11272962274348247,2.686906825965663,0.02403191713203281,-0.03267226174096549,0.0,475.00428721298147,476.2326868087093,476.27054594424754,477.28067207742424
1.1800000000000006,0.057694641107360105,0.036180820864242604,11.73416373204585,0.023426209518659036,6.261430009665556,0.0,0.16078170102048822,0.11861712150489016,2.747362959031525,0.027428979963348615,-0.03226952824271849,0.0,469.03795554271437,469.1314315159865,467.5337677346158,468.32713988575847
1.2000000000000006,0.060959578659324117,0.0386062765097419,11.789416397970665,0.02397501436434979,6.2608137570626745,0.0,0.16571205417591275,0.12392844304503953,2.7779036334498977,0.026757792323098897,-0.024635661336070935,0.0,439.9061968455176,441.79810452661957,442.1354998587863,441.96976379094485
1.2200000000000006,0.06432681857299571,0.04114166483821914,11.845382578438866,0.02451658948348623,6.260332042200165,0.0,0.1710119371912478,0.12961038980268436,2.818714413370076,0.023174700732295356,-0.029325728331572765,0.0,451.96292624513063,450.82741699962065,451.4181917244444,450.55010916008985
1.2400000000000007,0.06780718744776758,0.043798399850674206,11.902426992985026,0.02503145253918415,6.259749195852425,0.0,0.17702495028593956,0.1360631114428222,2.885727041246097,0.03331068031511027,-0.026617142393353825,0.0,474.4644725195216,475.08770797557696,473.9433879014969,476.2747491192272
1.2600000000000007,0.07139423772581772,0.04656940702832736,11.960167148769765,0.02569829874203844,6.2592177713516755,0.0,0.18168007751907514,0.14103760632249324,2.8882885372278646,0.034435488345347924,-0.02797238932010191,0.0,415.82690025468963,415.47037213080745,414.2687740873822,414.5659117871033
1.2800000000000007,0.07508481448234175,0.04945127115267427,12.018349233703953,0.026387202916091645,6.2586635249506894,0.0,0.18737759813332747,0.1471488061121972,2.929919956190848,0.035059038096178365,-0.024747056650344906,0.0,451.7379013627564,452.5172816952,452.86701750601196,453.01792983967306
1.3000000000000007,0.07889299775709398,0.05245951290429577,12.077459272130488,0.027091320379194705,6.258173446275629,0.0,0.19344072934189602,0.1536753690499531,2.9810838864626445,0.037482548434296964,-0.021628576909638528,0.0,461.69397864146424,462.43144665522453,460.53215432668577,461.10735193500676
1.3200000000000007,0.08283235231981438,0.055609444485402476,12.137940127178457,0.027863099622522647,6.257743458323226,0.0,0.2004947269301442,0.1613177890607173,3.0670016183342512,0.03082998883041828,-0.023901718255348866,0.0,491.5916128531925,491.0860831808929,493.491874108671,492.0170362863439
1.3400000000000007,0.08690486559533275,0.05890440256579959,12.199780571595396,0.028481159738293904,6.257278619067286,0.0,0.20675660062169243,0.16817801897899395,3.1170428233597036,0.03253898804810291,-0.018764577189157042,0.0,460.91962187894035,462.13595476824116,460.6235963297564,461.0291547492484
1.3600000000000008,0.09109546418222013,0.0623289696935667,12.262301848167782,0.029134477694473304,6.256923603883298,0.0,0.21230325806704592,0.17427869379771782,3.1350848338789508,0.030285903399146986,-0.025132678914849996,0.0,432.27733874487,430.6644689552787,432.0875683918151,431.5177798833382
1.3800000000000008,0.09540713529010485,0.06588735240674286,12.32554096070608,0.02975624584886649,6.256421942816374,0.0,0.21886385272142536,0.18155957751989824,3.1888264199508365,0.024620201957989644,-0.026541587267939794,0.0,464.60198269310547,464.27039322381233,466.0167032960164,464.6864450101683
1.4000000000000008,0.09984922789703331,0.06959063510389367,12.389778632608415,0.030249250244523296,6.2559276988454755,0.0,0.22534540797142158,0.18876869219518236,3.2349407702826967,0.0257159724602167,-0.03509585806793518,0.0,458.3497644278159,456.3055244563125,459.1957620118548,459.45653266200395
1.4200000000000008,0.10440912112388251,0.07342484246029918,12.454461041338094,0.03076616297913848,6.255225817503568,0.0,0.2306439147134985,0.1946520434453679,3.233300102685243,0.027993376864728043,-0.035363512518697786,0.0,413.1687110295494,413.09727765258447,412.5469108439762,413.1499397091522
1.4400000000000008,0.10908891176183505,0.07739153824816453,12.519559635656917,0.03132701437073049,6.254519892289853,0.0,0.2373351490817559,0.20201753534116582,3.276559329196851,0.029396127232456416,-0.03700365681591927,0.0,455.60241079149057,455.20831878367073,456.43441884511134,456.7703320425239
1.4600000000000009,0.11389484405891909,0.08149664596719718,12.585196693573616,0.03191584466048614,6.253779850112313,0.0,0.24325808062664886,0.20849323656209942,3.2871464624730016,0.03074352851350715,-0.0372524892024792,0.0,425.5571595002523,425.49255156624156,425.13800393668686,425.48452302838865
1.4800000000000009,0.1188319557673998,0.08574462401430089,12.651425781069737,0.03253106260778704,6.253045464968977,0.0,0.25045309022142276,0.2163045681482713,3.3357622871390302,0.031577047596302504,-0.041870852703653545,0.0,461.95000404813567,460.85555775812327,460.90441362364595,461.10228227250167
1.5000000000000009,0.1238989897343367,0.0901333135917576,12.718104213669358,0.03316386704088892,6.252222829509693,0.0,0.25625030647226876,0.2225643895974,3.332080972822993,0.03316668980511105,-0.036433648497827834,0.0,410.32654882948617,411.771041976509,412.0039726816252,412.4258553752832
1.520000000000001,0.12910443659702447,0.09467077422855841,12.785382978543623,0.03383107141927333,6.251494388203444,0.0,0.2642943797965083,0.23118167408268106,3.395795514603418,0.03594898464285701,-0.03575296691790179,0.0,474.08071749204527,474.237086378743,475.35802513422476,475.99758019779705
1.540000000000001,0.13446144241431857,0.09937034560087146,12.853582449634237,0.034557492676356105,6.250786559625606,0.0,0.2714062019329019,0.2387754631486246,3.424151594457994,0.032091118853061595,-0.031950136256229195,0.0,442.5137297844764,443.4513226790482,443.99283332630284,443.0428213186768
1.560000000000001,0.13995127782632916,0.10421169999742264,12.922009989650167,0.03522478158958098,6.250148982128319,0.0,0.27757733926815903,0.24535997650649358,3.418602407135042,0.024954377837200257,-0.03363846551223517,0.0,411.37909228754916,410.9298659243706,410.5462437828717,408.642518434199
1.580000000000001,0.14559299703662693,0.1092150499737629,12.991150526009744,0.035763324480687864,6.2495015277919705,0.0,0.2865945817616179,0.2549750211275322,3.4954512288226187,0.016071210118119884,-0.04075393793438374,0.0,487.97013547166944,486.37365061522456,487.48674290980887,485.4913167143622
1.600000000000001,0.15141363663734553,0.11440878157275362,13.061733405344627,0.03608561608339489,6.248771814072963,0.0,0.29546937831024317,0.2643981387715401,3.562836704665892,0.014754091790428657,-0.0538203100155028,0.0,480.7170988402772,477.73670281643757,479.19705053376015,478.8964681854097
1.620000000000001,0.15742052625577743,0.11979897899706106,13.13386232149298,0.036412338347109774,6.247699981490447,0.0,0.3052195835329459,0.27462160365920374,3.650054910169387,0.022709018302556866,-0.05079587030095523,0.0,496.26404287574064,496.92802893434515,495.4875903501689,497.238870004682
1.640000000000001,0.16360835151617026,0.12537702117719157,13.207253988800469,0.036885830108822404,6.246703572229617,0.0,0.3135629425063353,0.2831826143538476,3.689111820579346,0.028923742055254786,-0.05704217243719093,0.0,455.8668706904256,454.36539446445147,453.8906309264936,455.3845430883885
1.660000000000001,0.1699739879470834,0.13113608038923427,13.281662235905474,0.03747876525959004,6.24556475446539,0.0,0.32300070058498,0.2927233068504211,3.7517128899211976,0.03430153150124075,-0.05905497372735921,0.0,475.55897982987295,475.0942063463906,476.4714342357753,477.7034806224859
1.680000000000001,0.17651766767694108,0.13707388175018093,13.356959759106205,0.038169016648577525,6.2444117311151,0.0,0.33136727240078806,0.3010568292442426,3.7780394301519893,0.03720696054462339,-0.05156149332666956,0.0,442.9429642673123,444.78553839443475,443.3803693296797,444.09642691867646
1.700000000000001,0.18322776836326699,0.14317646282636015,13.432694193708324,0.038929051108761215,6.243438330729617,0.0,0.3396427962318027,0.30920127837368194,3.795404030059791,0.04284526690217093,-0.06231597900008465,0.0,437.5315642822629,434.83522173305045,434.1395099562034,435.55722886479003
1.720000000000001,0.19012355280902507,0.14946125948973515,13.509230558971757,0.039791546574911685,6.24219243153987,0.0,0.34993564834400664,0.3192783879638189,3.8582324962835424,0.039501577889326116,-0.06323291984176387,0.0,477.4315749357848,477.21913243999023,477.3665486353071,476.6013246056278
1.740000000000001,0.19721806354577529,0.15593977735584136,13.586771004347831,0.04068032641624253,6.2409922246514355,0.0,0.35951542533101694,0.3285733986468009,3.895812041323974,0.025448230704785413,-0.051879373400138123,0.0,453.3966785592344,456.1223369315708,456.9984198021191,453.62599237657133
1.7600000000000011,0.2045050590126315,0.1626044190664006,13.66501756498943,0.041202111651402085,6.239959811685795,0.0,0.3691841213546053,0.33789077240912513,3.928844022836062,0.020384512493078016,-0.048662386498865895,0.0,450.34932219937184,451.12762748283836,452.1673269185119,450.94188497388564
1.7800000000000011,0.2119565142723626,0.16942680670998453,13.743202142665005,0.0416219589912199,6.238992574815807,0.0,0.3759614046185029,0.3443479919492692,3.889613744721411,0.015453571415314695,-0.0521296217056812,0.0,379.3556557882253,378.3535121588051,379.60958216091257,378.18731276435074
1.8000000000000012,0.2195711332215408,0.17640354981719478,13.82119187801818,0.04193139638144139,6.23795715313628,0.0,0.3855004902993145,0.35332631877175485,3.9093597905960715,0.016309096885770414,-0.048342603198493476,0.0,438.6896092950326,439.63024146272096,438.1341794954072,438.3474337869543
1.8200000000000012,0.22737907171787344,0.18356079759636898,13.899583216571177,0.04226090540261218,6.236990318378181,0.0,0.39529335933395165,0.3623984591456661,3.92977406470361,0.01888866408034912,-0.04852864550691119,0.0,438.998559966229,438.95077977406703,439.701280166253,440.3418806723101
1.8400000000000012,0.23538804603790145,0.1909030116233523,13.978449538913974,0.042644282749957796,6.23602055915546,0.0,0.4056040726688465,0.3718229435526666,3.9568581695760905,0.015540809322750275,-0.04980433153111211,0.0,445.9217327275692,445.6075345604725,446.5342704790875,445.7140868842908
1.8600000000000012,0.24360654494295686,0.19843559647317432,14.057881815793284,0.042965768884577926,6.235025657161627,0.0,0.41624581783669423,0.3814355414295387,3.9863695183549,0.010921296758630638,-0.05134357601418238,0.0,448.00279103493835,447.62560838846605,449.5940290510993,448.46960308933507
1.8800000000000012,0.2520549645839242,0.20617437413878628,14.138211980662817,0.04320856562192521,6.234000215566462,0.0,0.42859614626003745,0.39244222513165744,4.046646968598272,0.017902815529603867,-0.04965246684015113,0.0,476.8939792490649,477.2798717372924,474.8740919844457,476.477963771869
1.9000000000000012,0.26072065867474387,0.21410549766270098,14.21909088669849,0.04356694516627524,6.233039721068323,0.0,0.43797326282193294,0.4006701272598128,4.041243634969087,0.01870684756649205,-0.057721523620571424,0.0,416.83862852925904,414.7158735237201,415.0364270027751,415.24805496189396
1.9200000000000013,0.2695973670884389,0.22222063281457677,14.300292570443329,0.04394123896447866,6.231913247396898,0.0,0.44969757854756964,0.41084338792776753,4.078924739514832,0.019266931262866757,-0.06519906345474298,0.0,457.5325474479277,455.740721959346,456.54656496378476,456.68055386725604
1.9400000000000013,0.27869837021984056,0.2305291165921252,14.381998173694782,0.044326582225613365,6.230642050247948,0.0,0.46040273459259684,0.4200049898270753,4.091635585630624,0.01936322121711828,-0.07329648528454884,0.0,435.1117761515349,433.06986373542804,432.9898081364976,433.0140785757118
1.9600000000000013,0.28803651677267605,0.23903879863855976,14.464345193464474,0.04471474529123842,6.229177306955366,0.0,0.47341192069095184,0.4309632148163835,4.143066391338493,0.020703848893337328,-0.07483688335583552,0.0,468.7750331392343,468.41190275172704,470.0914895004297,470.40299317780534
1.9800000000000013,0.2976319865008624,0.24776322285080096,14.547600813268298,0.04515628047297593,6.227682981819463,0.0,0.48613505212768204,0.4414792064077376,4.182495589043966,0.013293288338139423,-0.07703348582973371,0.0,459.8223670966594,459.29580207762353,459.422436981195,457.65616635287375
2.0000000000000013,0.3074640570947773,0.2566816150636735,14.631260418321824,0.04542215190343768,6.226142964277209,0.0,0.4970720072638106,0.4503600148795183,4.183464916308677,0.013399718589574122,-0.0758914049742053,0.0,423.6920993912131,423.98158031282946,422.2057406808639,422.23318293736855
2.0200000000000014,0.31753538521964925,0.2657920285401035,14.71524516494362,0.04570752680927459,6.224634071072657,0.0,0.5100608052233814,0.46068133276348006,4.215009745870895,0.019295570359298464,-0.08011867239729739,0.0,452.7426328699614,451.7166079163958,451.46360953031615,452.8884979077152
2.0400000000000014,0.3278456879731568,0.2750906041975689,14.799447658599744,0.046093489498000295,6.223039266071368,0.0,0.5209694701273744,0.4691762329830682,4.205239619741647,0.018975315649742034,-0.07622805633936537,0.0,411.6712519278375,412.6971556168574,413.142035385549,413.05729396510884
2.0600000000000014,0.3383565411325029,0.28454401830600845,14.883113018429155,0.04647327423904368,6.221519821755505,0.0,0.5301158458072376,0.4761651778608827,4.161296363199476,0.019721543561902,-0.07302905308035199,0.0,375.1746563670091,376.0996895854503,377.18105354935017,377.3972464647284
2.0800000000000014,0.34911205151491276,0.29418247774805273,14.966860783995095,0.046877067281074325,6.220100257508307,0.0,0.5454351924337475,0.48768076634354374,4.213480193394644,0.024048706787991817,-0.06397181129190704,0.0,470.558922863809,472.6540103091085,469.4772855926146,470.4834568588944
2.1000000000000014,0.3601481804532694,0.30403049984010283,15.051188900978236,0.04736113686010679,6.218849445816435,0.0,0.558177701401918,0.4971214428614696,4.21933150491936,0.02653685600880698,-0.07153812267413726,0.0,429.62434450711385,427.6920710530473,427.48723941498076,428.1229832469791
2.1200000000000014,0.3714514965178641,0.314075506976301,15.135786166275262,0.047951380270187194,6.217418698526171,0.0,0.5721539050575477,0.5073792707583464,4.240395024783173,0.0156275673148296,-0.07171226754298513,0.0,443.05240967582625,443.0054961903931,444.0859222866752,441.39311315542477
2.1400000000000015,0.3830606946546746,0.3243438554882481,15.221157242200032,0.04826524354657202,6.215984736212965,0.0,0.588765908623505,0.5194555804363706,4.296712567693866,0.01400773393561482,-0.07095988777994067,0.0,475.1107587216223,475.2802012700632,475.25826751524176,474.8855156549143
2.1600000000000015,0.39500324103499523,0.33485269733370626,15.307617299672913,0.048555521378406574,6.21456791171596,0.0,0.605488729408552,0.5314286041094418,4.349293179594158,0.018507323499562085,-0.07313853809385802,0.0,472.40703404537015,471.8992074023117,471.92571113029476,472.96645784313995
2.1800000000000015,0.4072519628218629,0.34557923499143084,15.394666660709321,0.048967477298344164,6.213107478638356,0.0,0.6193834492782154,0.5412251616630175,4.35564292404663,0.02765166053906923,-0.07530079814985795,0.0,430.02965404275756,429.475406956534,429.05447781402006,431.3774660967826
2.2000000000000015,0.4197895775186508,0.35650812385479,15.481957410314864,0.049526187386335074,6.211605105393227,0.0,0.6343780204005786,0.5516637246728995,4.373432036507721,0.024282127274836245,-0.07799995278325826,0.0,441.02326585216815,440.3493603020609,441.81434533020905,440.9802332564518
2.2200000000000015,0.4326394155383649,0.3676532530454784,15.56973087786424,0.05004180208208808,6.210045218084272,0.0,0.650605781570828,0.5628491943959424,4.403914718429792,0.03202449774604172,-0.07752720187793744,0.0,453.2203115812542,453.3295844344712,451.9571671970909,453.82560791151906
2.2400000000000015,0.44581799043762055,0.379023677040902,15.658122708912984,0.0506989092446144,6.208494981009414,0.0,0.6672517083547346,0.5741932051464159,4.435268386444538,0.037789427512393656,-0.07831073579752354,0.0,454.3898665908651,454.19673737074794,453.36437703488184,454.7523367379659
2.2600000000000016,0.4593192321180104,0.3906131220172517,15.746957605167388,0.05158235446577031,6.206933098424422,0.0,0.6828724596842495,0.5847512924885488,4.448221238995994,0.0537679550357896,-0.08125424763107074,0.0,437.2934762913066,436.55217628296106,435.56233711876547,439.5541302680924
2.2800000000000016,0.4731405121962429,0.40241849779377065,15.83610841344595,0.052670783979853475,6.205317376040622,0.0,0.6992555481390033,0.5957862851633456,4.466859588860102,0.05888076509832105,-0.07692699242219599,0.0,441.51104767083115,442.5755578642921,442.92583889134073,444.1875499813103
2.3000000000000016,0.48730487008453516,0.41445495342499106,15.925784720746528,0.0538634906949742,6.2037897501807855,0.0,0.7171802406902215,0.607859277958696,4.500771141197542,0.06437465500515221,-0.08159903450443985,0.0,458.160648608952,457.0402980038508,456.12197849756296,457.4387917082087
2.3200000000000016,0.5018591142536547,0.42675446061674566,16.01648897768351,0.05515106527954394,6.2021905670576984,0.0,0.7382441762217261,0.6220914412167615,4.569654552501161,0.06397096089683832,-0.07349995221047795,0.0,487.9883490570108,489.7941382511912,487.99689140669864,487.90910503739843
2.3400000000000016,0.5167798034345132,0.4393018883201604,16.107843987659514,0.05643048458769595,6.2007806610538125,0.0,0.753824741864128,0.6326513291247127,4.5658464450992025,0.06395752847130688,-0.08446289345114864,0.0,424.68670004032396,421.8513990087609,421.43476363921025,421.43451346354334
2.3600000000000017,0.5320408192802711,0.45208072156135326,16.199437136303924,0.05771591800088238,6.199095467149915,0.0,0.772276842711661,0.6452319949945742,4.593468419341531,0.060412717119280444,-0.08731384596745757,0.0,453.2519043373982,452.5582317087741,452.35619349374446,451.50184512447487
2.3800000000000017,0.5476865768792795,0.4651221879541541,16.291723786920578,0.058926013974052616,6.1973802114463545,0.0,0.7922989171891687,0.6589146442855124,4.635196642323704,0.05849353459319142,-0.09519054778868787,0.0,466.7363562188665,464.8823344067251,465.5442938755276,465.09593454830195
2.4000000000000017,0.5636816649281347,0.47840237414995634,16.384204215012062,0.06011285029789093,6.195478232758081,0.0,0.8072098876963537,0.6691039752947101,4.6128461668245375,0.06431858943840564,-0.09327625026777046,0.0,403.3587361341753,403.8684110509736,404.4109273621525,405.98490439801026
2.4200000000000017,0.5800420507722535,0.4919319569295159,16.476961402357205,0.06143528022011413,6.193641774850002,0.0,0.82882869671553,0.683854302661244,4.662872567689622,0.05582645973440155,-0.10090082858751666,0.0,473.0487086206192,471.27705414100774,475.34199788185913,473.3881977623649
2.4400000000000017,0.5968026279852385,0.5057346724480479,16.570310707367472,0.06255189273578043,6.191627756508236,0.0,0.847229024582987,0.696417249191962,4.672057933337084,0.05541824170780296,-0.10372862984839659,0.0,436.210182739475,435.49206148239455,436.5988354813985,436.49880529138613
2.4600000000000017,0.6139604389274513,0.5198079900907394,16.664116181835045,0.06366177256163486,6.1895562348283555,0.0,0.868552069638301,0.7109145150771934,4.708489513420042,0.0536775569583689,-0.10125844075143145,0.0,461.32392708497906,461.8998482093868,462.1033465693283,461.6934146893589
2.4800000000000018,0.6315606167458296,0.5341813064846032,16.758767729455077,0.06473986905673534,6.187568202924869,0.0,0.8914657121995284,0.7264171243091767,4.756665248583317,0.05669263769797678,-0.10987666696571631,0.0,474.5416279038165,472.5443918728233,471.4422593758443,472.14243152036784
2.5000000000000018,0.6496044919654538,0.5488541599762096,16.854180209409364,0.06587433189093872,6.185414047701215,0.0,0.9129218097628864,0.740868224851466,4.784582746845243,0.055588028949366736,-0.11919096947975197,0.0,456.5343318865435,454.28865787149374,454.4783810206616,454.21478494355694
2.520000000000002,0.6680431613142547,0.5637922565289697,16.949752293664357,0.0669929085922103,6.183031047417611,0.0,0.9309451251172051,0.7529414304245501,4.772625678654301,0.059280215912191486,-0.12047089603282977,0.0,417.61749021496706,417.2685826674652,415.9093999921441,416.8808549918452
2.540000000000002,0.68685883276092,0.5789819245844615,17.045205460526393,0.06820017408956591,6.1806482507311244,0.0,0.9506220195493225,0.7660253751246341,4.772691007549222,0.05269824369833479,-0.12776763971326474,0.0,429.2690872469664,427.393509801686,430.13107998226053,428.45794679472016
2.560000000000002,0.7060854427627242,0.5944440216035071,17.14078288475245,0.06925978289665213,6.178117653383644,0.0,0.9720389806311047,0.7801843267799238,4.785051415056671,0.05605798568833558,-0.13480403748260153,0.0,441.4147415964669,439.6539713362113,440.5823814805627,441.4168768878627
2.580000000000002,0.7257700241673785,0.6102074321146725,17.236837395106885,0.07038426490648497,6.17543332854385,0.0,0.9964191598343195,0.7961567243366144,4.820399620386966,0.05863569632597002,-0.13965293629710143,0.0,463.1350229691626,461.9733266349124,461.7915754495172,462.4032470422302
2.600000000000002,0.7459335088127255,0.6262831281004883,17.333460627125653,0.07155778265722823,6.172642723420109,0.0,1.019929304700373,0.811412874244952,4.841923581489549,0.05990362710002169,-0.14186815737026878,0.0,450.2835015852014,449.727634869514,449.94001111445357,450.2502464955068
2.620000000000002,0.7665845252919852,0.6426736805474997,17.430614765644737,0.07276014657330965,6.169805819522882,0.0,1.0451723432255995,0.8276423704561876,4.873490270418749,0.06283325986922675,-0.14090977312923306,0.0,458.27701254206016,458.48745303117886,460.5255131399918,461.22265296455754
2.640000000000002,0.7878197801192568,0.6594380365664131,17.529038122533766,0.07402025198087703,6.1670586273799906,0.0,1.0783531395015613,0.8487932314351428,4.968845418483897,0.06021020432933407,-0.1289931192621565,0.0,514.4259911587765,516.9360818965272,514.5179224844746,513.9627180405877
2.660000000000002,0.8096558488755714,0.6765840995784369,17.62876215251114,0.07526281848718508,6.164482381639122,0.0,1.1052537361299009,0.8658130697672458,5.003557579253641,0.051450932701955894,-0.12630364185064114,0.0,463.38520913717133,464.0046667841961,465.12198228141716,463.0615468523328
2.680000000000002,0.8320392544654361,0.6940754854720103,17.7292079620823,0.07634937450415613,6.161956995177153,0.0,1.1330868228565674,0.8833255195900848,5.041023377862385,0.06217822154230825,-0.12747528603317348,0.0,467.402742525217,467.1150100745478,465.13506092871506,467.6504653157753
2.700000000000002,0.854918378022054,0.7118777316547643,17.829855339151386,0.07759379900234897,6.159507663105632,0.0,1.1548255328052193,0.8968990986853187,5.0237143290460935,0.06348976059725464,-0.11332087688671717,0.0,413.5362065173994,417.2445108027197,414.68963872242426,415.0382597394172
2.720000000000002,0.8782752500707905,0.729977684137241,17.930465654827326,0.07890721823736158,6.157242392412826,0.0,1.1808616720684373,0.9130961495623455,5.037317238547855,0.07283042685484231,-0.11180638362027707,0.0,445.4183287045969,445.7784172047267,443.8346326601641,446.1318159033844
2.740000000000002,0.9021450789794,0.7483964818097192,18.03124900942106,0.08038844769818176,6.155048206105398,0.0,1.2061212187925079,0.9287836176854705,5.0410182208255865,0.0658131733004398,-0.1026476320702406,0.0,434.70095267987335,436.98636329802525,437.24738850534777,435.49399426758663
2.760000000000002,0.9265241367893532,0.7671317228461887,18.132103289228038,0.08170694996848038,6.152998634610592,0.0,1.2317845622028156,0.9447404859614856,5.044409759872344,0.06369713724675645,-0.10524807303231369,0.0,436.1971856965178,435.535724681242,436.3627623292375,435.8357264705936
2.780000000000002,0.9514777380875246,0.7862243315424098,18.233460422916018,0.0830175382686642,6.150938722010846,0.0,1.2635755676143263,0.9645203836606228,5.0913036089257995,0.07225815999509058,-0.09575609105806653,0.0,475.68722011430174,477.85430069032617,474.8067297477332,476.77595839109193
2.800000000000002,0.9770742537161962,0.8057169621155047,18.335770582311017,0.08447738824155238,6.149047957337736,0.0,1.2960759952528318,0.9847426736488709,5.139712330574239,0.07767789670208154,-0.1027356538023143,0.0,478.84341582776744,477.24057222450784,477.7018851160834,478.9439003367301
2.820000000000002,1.0032682635345673,0.8255818300517135,18.438626586569537,0.08604050034788013,6.146999334912916,0.0,1.3233249865842998,1.0017441199720098,5.1458880952778605,0.07330658745066805,-0.09924548153514359,0.0,439.8863031217306,440.74338720924095,440.31293896501614,439.2313852899796
2.840000000000002,1.0300046661753608,0.8457856204560298,18.541556815510827,0.08751765954161073,6.145042712078851,0.0,1.3503152774950449,1.0186349204596223,5.147134798851032,0.0686103241026685,-0.1067670234830509,0.0,436.7100530115802,434.81479526196574,435.8428658274345,434.6678652018797
2.860000000000002,1.0572879627053828,0.8663321254937778,18.644534838874204,0.08890214930230922,6.143028752459248,0.0,1.3780143755071603,1.0360155833151818,5.15066753748661,0.0636538578928118,-0.12234783540393006,0.0,439.9541513092078,436.05597380952804,438.3554665267729,437.12152144984617
2.880000000000002,1.0851616721457231,0.8872493518356906,18.747812060232555,0.09017672676150479,6.140581796412654,0.0,1.4093565685268545,1.0557070508761046,5.177054598348198,0.06192163311541687,-0.12238420808301134,0.0,458.74173372550626,458.7200334685332,460.5405966813892,460.1321153904551
2.900000000000002,1.113649529606532,0.9085517783010056,18.85149057689956,0.09143525660542817,6.138134727077764,0.0,1.4394291775540498,1.0745355956553977,5.190797068352622,0.06826153557762729,-0.12127531063984279,0.0,448.5556008427507,448.81232620650695,446.95328454577816,448.50368560562833
2.920000000000002,1.1427048381430764,0.9302088686823946,18.95517660200935,0.09281535219730941,6.13571233474682,0.0,1.4661016761003758,1.0911734424834978,5.177805442626225,0.07371403598177503,-0.1237708594180387,0.0,422.12167627816206,421.460843849977,422.7064316262103,424.11771556520256
2.940000000000002,1.1723811367536061,0.9522530206545007,19.05915941676898,0.09431287644789954,6.133254789351337,0.0,1.5015281849525908,1.1132417547271167,5.2204760333371585,0.0668958938661702,-0.1297494533792319,0.0,476.16575018154106,474.77866011690816,475.3357453064849,473.7692840785484
2.960000000000002,1.2027025386152068,0.9746988211969747,19.16353820911976,0.09565079701760393,6.130706260291767,0.0,1.5306120012074664,1.1313382995202874,5.217403201740926,0.06682251293387904,-0.12010995048608372,0.0,431.28537316521874,433.7055367190662,433.63086468142035,433.6158296076533
2.980000000000002,1.233712371207293,0.9975723361898124,19.2685146778023,0.097034352753405,6.1283429137975,0.0,1.5703712580011597,1.1560131997634882,5.280243666512858,0.076528745686444,-0.11129490477372588,0.0,492.4937066141635,494.4346783452349,492.17755883136334,494.33110846649265
3.000000000000002,1.2654815717685295,1.0209167964870127,19.374479761240817,0.0985655202733442,6.1261532779538115,0.0,1.6065487981224995,1.1784328299565472,5.3162646773386175,0.07761742030334809,-0.10277877281287638,0.0,470.08813118308393,472.05382767632744,470.02847306125017,470.28583425975125
3.0200000000000022,1.2979813604015806,1.0447143373178094,19.4811769934926,0.1001377802231378,6.124119035760469,0.0,1.6434300651826235,1.2013212531231299,5.353458547839719,0.08392797395994625,-0.09624681094609994,0.0,471.6405195211738,473.1433331989816,471.29161531384887,472.75722830286804
3.0400000000000023,1.331215946130942,1.0689685231568444,19.588570661871202,0.1018196407723515,6.122303951922948,0.0,1.6800285077535047,1.2240973307803629,5.385908290020595,0.08649743694447765,-0.11106925213519328,0.0,469.2350632878068,465.76227093276697,469.1846827971828,469.78820713918833
3.0600000000000023,1.3651570522216467,1.0936634847591855,19.696431583486717,0.10354958962190075,6.1200987270723335,0.0,1.7140821013169545,1.2453988294537477,5.400183871530825,0.0865123137250159,-0.11675435408494685,0.0,453.5771737283952,452.19445705222535,451.69619631577194,451.70584057516874
3.0800000000000023,1.3998396289408443,1.1188230704308146,19.80491459094576,0.10537856633369458,6.1177637707055545,0.0,1.7541755706028104,1.2705597377091662,5.448116874373573,0.07246023649115688,-0.11624305198512508,0.0,483.64986179083485,483.75439858104886,484.1534316227157,480.9762689356213
3.1000000000000023,1.4352992403188372,1.1444710045296222,19.914173580006235,0.10684010229941165,6.115451211579021,0.0,1.7917855671964598,1.2942336721716063,5.477782031673975,0.0674941040132082,-0.12120327640916645,0.0,468.20399231280766,467.03325511574474,468.04790447470276,466.89054758413624
3.1200000000000023,1.4715639956623479,1.170625670894157,20.024305528713633,0.10819270859972008,6.113028280333699,0.0,1.8346899671546157,1.321232964281865,5.535412839065848,0.06982829339904552,-0.11969710054844997,0.0,492.1808188380743,492.5034822782536,492.9193822355929,493.4395997037672
3.1400000000000023,1.5086183730916791,1.197276732132995,20.13515756382674,0.10963104235897347,6.110658072999719,0.0,1.870747775778519,1.3438731596019393,5.5497906722448285,0.07896808456433073,-0.11280729982726412,0.0,453.6068863423551,455.25148803489924,454.1258309770942,456.3239060981523
3.1600000000000024,1.5463878278537624,1.2243765726877331,20.246233511871452,0.11121067640229398,6.108402016714159,0.0,1.906197700429808,1.3661108958718768,5.557804132226116,0.078230043868703,-0.11323088213587856,0.0,448.93993868386474,448.8256271063965,449.6617596103954,449.48723399483737
3.1800000000000024,1.584902057559916,1.2519438955964672,20.357644744666445,0.11281342060639599,6.106140752638465,0.0,1.9452252701855417,1.390621395001542,5.583319147273055,0.08696426698560193,-0.11582069565207519,0.0,465.84817619510324,465.22936691527394,465.02663747691014,467.0795807065004
3.2000000000000024,1.6242418074515732,1.280030022932897,20.469787650332464,0.11455365560933295,6.103839906341268,0.0,1.9887497189801742,1.4179913386414182,5.630971419328706,0.08834242751677163,-0.12140059096358236,0.0,487.78290761425654,486.5202819345704,484.83016421368063,485.1463131124135
3.2200000000000024,1.6644607665170759,1.3086696414719912,20.582899899797763,0.11633628140441132,6.101432805832612,0.0,2.0331461875700794,1.4459705152679987,5.680253527201292,0.08272508922488674,-0.11493354981375505,0.0,486.94549407396994,488.3830553963228,489.4199329584877,488.1695548996128
3.2400000000000024,1.705450601536582,1.3377954335895685,20.696332387700895,0.1179913513368458,6.099135307481172,0.0,2.06583731438054,1.46660869648973,5.662995263111854,0.0837910610222056,-0.11646498367446494,0.0,427.2911544556998,426.8868360607038,427.06376447395616,427.3423733180974
3.2600000000000025,1.747123792537519,1.3673529452081405,20.809555067392164,0.11967197518754791,6.096806288027857,0.0,2.1014817857131627,1.4891424653674543,5.659272706015014,0.08689029649510092,-0.11721360931312409,0.0,440.6990800180021,440.5010899253092,439.98384557294867,440.75890598344415
3.2800000000000025,1.7894673931954659,1.3973345404059196,20.922455657177228,0.12140981426047404,6.094466102930163,0.0,2.1328782800815187,1.5090170544104569,5.630786272491292,0.08714775726481615,-0.1200726611027333,0.0,416.0130827836646,415.2478222361327,416.44172502170875,416.5160932254882
3.3000000000000025,1.832476977508192,1.4277381056796423,21.034963698989042,0.1232550371052561,6.092077753910697,0.0,2.168080151191094,1.531339472961812,5.620017908690225,0.10144934455332966,-0.12519207563761348,0.0,434.7079787064148,433.405434613384,431.66015630336267,435.2729877885803
3.3200000000000025,1.876241752568505,1.4586211415189978,21.147495673952196,0.12528489680694932,6.089582060855982,0.0,2.2083973548402005,1.5569641109737309,5.633179587625393,0.10277056416186038,-0.12922901954039054,0.0,456.5083834903122,455.5269607103206,457.52214021707516,457.8462479818747
3.3400000000000025,1.920819751150189,1.4900218610813825,21.26029856207886,0.1273634810173414,6.087033595977642,0.0,2.2494025033282123,1.5831078452647158,5.647109225040798,0.09596278520611096,-0.13772790328692597,0.0,459.0654085926615,457.022597828346,458.7824464361665,457.16650110527087
3.3600000000000025,1.9661221120882246,1.5218850792400092,21.372874641246987,0.12934682443795964,6.084279076706853,0.0,2.280833590475355,1.6032139705979425,5.6104986917719675,0.08464132624572533,-0.1374493536481122,0.0,408.40853573593466,408.4636801078592,410.32756320653175,407.30922235710824
3.3800000000000026,2.0121781092714377,1.5542306633964995,21.485311477232088,0.13104357843856373,6.081530804619046,0.0,2.3247661278459564,1.6313444450510943,5.63318490673795,0.08744399486310561,-0.13864516730816956,0.0,466.6940632588383,466.3973993119398,466.08953900597595,466.7518203804871
3.4000000000000026,2.0590428875743134,1.587093893729598,21.597833141612426,0.1327956192190367,6.078759004425773,0.0,2.3617117024416223,1.6549785882587478,5.618981531295806,0.08492968254717176,-0.14013053116233157,0.0,432.1864622311394,431.7921913447943,432.129216504234,431.4993478905324
3.4200000000000026,2.1067422695893536,1.6204907434667695,21.71050354388632,0.1345059456986366,6.0760986859375095,0.0,2.4082264990624207,1.684706385458396,5.64805869609332,0.08008554616254884,-0.15700015682397267,0.0,474.2848200972254,470.36402244452336,474.312091825713,473.1999211533612
3.4400000000000026,2.155387803897413,1.65449212080133,21.823801147360154,0.1361097886770235,6.072960859677169,0.0,2.4563269317434733,1.7154313479976375,5.681701651290181,0.08215051838298318,-0.15908672153128633,0.0,477.85157550696357,477.3525877698768,477.76398773447266,478.24083035581344
3.4600000000000026,2.204935491479323,1.6890687859527955,21.937458905786478,0.13775484427055407,6.069864234721953,0.0,2.4984418264475527,1.7422351671489233,5.684074191342251,0.08417300490755868,-0.1460399230420713,0.0,448.45446199960816,451.59963453647856,448.9162330625281,449.4138001949934
3.4800000000000026,2.2553369646349157,1.7241879654583638,22.051187568779106,0.13944916115072648,6.0670448256188685,0.0,2.5417054891117123,1.7696827834079238,5.688792107920697,0.0888327864520354,-0.16027996221038499,0.0,453.32796952274947,449.86172140381973,452.2714227422101,453.4018331020932
3.5000000000000027,2.306612376993932,1.7598612155898452,22.16502336166663,0.14123683907774431,6.06384068823634,0.0,2.5858357467898845,1.797642229740216,5.694787180831846,0.08413764045282901,-0.161989852077783,0.0,454.232509333917,453.79703849603317,454.2218604587731,453.09701413275667
3.5200000000000027,2.35879532829345,1.7961086893601004,22.27905988885773,0.1429276440760212,6.0606060297380715,0.0,2.632459383161915,1.8271051472853053,5.708865538278013,0.08815066654790882,-0.15878406253798874,0.0,461.24104919696714,461.9762378469885,461.69027198120546,462.6448504303022
3.5400000000000027,2.4117303300180803,1.832830888600313,22.392557981358475,0.14469859063343193,6.0574303527617985,0.0,2.661040789301113,1.8451147767359668,5.64094371179675,0.09213393818132216,-0.15887652318669496,0.0,378.7897975265796,378.73439901471795,377.4572429516898,378.6169954246762
3.5600000000000027,2.465392123952433,1.8700102627233721,22.505348355808643,0.1465467010060486,6.054253692258939,0.0,2.705138604134146,1.8728226355699429,5.638093733220154,0.09542987780157564,-0.1575574622518464,0.0,445.95732247486086,446.25666987661134,445.43834611478013,446.2535055250859
3.5800000000000027,2.519996322025728,1.9077811665345228,22.6183112745072,0.14847375107427752,6.051111127836165,0.0,2.755281203195393,1.9042677455451422,5.658198136635348,0.10150482836881361,-0.16170108922874138,0.0,468.1703215529073,467.1797203279976,467.6649104758974,469.0898271196466
3.6000000000000028,2.5756633749359237,1.9462181843154434,22.73189765651345,0.15055195060394588,6.047877112325114,0.0,2.811424087824147,1.9394340325469082,5.700440063989598,0.09169636648203316,-0.16181310282250022,0.0,489.05146941261165,489.00416919478533,489.3916188324735,487.2039829104233
3.6200000000000028,2.632307332438483,1.9852670507437105,22.845693493977098,0.15239217356196377,6.044641412954634,0.0,2.8529716624317407,1.9654526102798064,5.679143682375233,0.09524478257304249,-0.1607522673308938,0.0,430.1131608042342,430.35681875947705,428.85305398432473,429.7639201464395
3.640000000000003,2.6898059412430655,2.024850536574883,22.95913588491329,0.1543038080717114,6.041463623951866,0.0,2.896889218026511,1.9928959728374362,5.665095411243842,0.09157358160142123,-0.16938434052912626,0.0,438.41425101012885,436.23168506465237,437.49048779585,436.58016852976425
3.660000000000003,2.7482321312778453,2.0650132158992274,23.072470520080678,0.15622735226725215,6.038076489912573,0.0,2.945729785451479,2.0233719595970134,5.668368105494895,0.10514358996638107,-0.16833289268075105,0.0,454.72799019118025,454.95390084021926,452.1036193252097,455.3794505931354
3.680000000000003,2.8076578487252397,2.1057988814812694,23.185932328179586,0.15843556007498538,6.0347100836265675,0.0,2.996841959287926,2.055194598607203,5.677812704395972,0.11965813497514191,-0.16904221293059904,0.0,461.60354966010453,461.4095794089214,458.0669410049407,461.5266405923935
3.700000000000003,2.86808969952713,2.1472109218908018,23.299491911557485,0.16082879609602685,6.031335714890689,0.0,3.046343120901063,2.086009442345998,5.678145633394218,0.12004107501921076,-0.17264096903081694,0.0,453.0814362711502,452.18558038249984,452.4950261088531,452.600131373515
3.720000000000003,2.9293836512277367,2.1891599443682517,23.412540557748855,0.16325186584156626,6.027883938453609,0.0,3.0830520491596127,2.1088928053989653,5.626718985742772,0.11337050605466084,-0.1740852290740439,0.0,400.7052139512742,400.2787959974978,401.0495591016646,399.2420299204391
3.740000000000003,2.9916345817439924,2.2317055647525454,23.52538332794956,0.16554787141738903,6.0244070339885845,0.0,3.1420410024659513,2.1456692330304166,5.657558034327765,0.10580803890044953,-0.1771836533367034,0.0,481.9865040292371,481.2567436484294,482.122047307612,480.41486358529704
3.760000000000003,3.054907655570363,2.2748885054440247,23.638224166056823,0.16767873646150822,6.020908404186379,0.0,3.185266380171096,2.172624836117495,5.626525776398675,0.10038507548366593,-0.18667504570348697,0.0,423.25765579162254,420.7671100903584,424.0516675420012,422.66188574411507
3.780000000000003,3.1191647450464983,2.3186844984702413,23.75086104647343,0.16969035206236782,6.017174981655515,0.0,3.240442567442472,2.206974466504192,5.637162265262386,0.10318296439711357,-0.18707098308924144,0.0,463.6607832596204,463.5351787672938,463.80123143418444,464.4683665314709
3.800000000000003,3.1845194878209155,2.363162804033891,23.8636596719442,0.17175535068077874,6.013484093428383,0.0,3.295031709999265,2.2408560898607663,5.642700281814395,0.10481962591900391,-0.177017980089752,0.0,458.7984709208325,461.15470099467956,459.27779200491455,459.67601133641284
3.820000000000003,3.250995232280922,2.40833596419827,23.976644937990887,0.1738545867848762,6.009944946366247,0.0,3.3525427360013595,2.2764599265770733,5.65582632285479,0.10720440503558396,-0.17857524670637834,0.0,467.76786831314797,467.3753168968857,467.2013140459136,467.7679062649708
3.840000000000003,3.318564270318502,2.45418548306391,24.089664909835086,0.17600982895726514,6.006382963095692,0.0,3.404361067756652,2.308491959986921,5.6461708615651665,0.10248125530735526,-0.18293911278445768,0.0,447.133927043221,446.03520635518856,446.8093593531068,445.6624421591858
3.860000000000003,3.387005720368833,2.5005741494053817,24.201899144174693,0.1780864526667587,6.002724187025592,0.0,3.4397839372764176,2.3303746741602582,5.5772525723954915,0.09513297614199295,-0.18305033857214034,0.0,384.45912865093845,384.3893674716045,385.07647830654435,382.9957283899026
3.880000000000003,3.45631492199317,2.5474979487315013,24.313282848199098,0.17999322119689598,5.9990636746203485,0.0,3.4911362251572986,2.3620052584517075,5.561117830045083,0.09799968411362125,-0.1840446888115652,0.0,440.5960424813309,440.3164963691449,439.50462357036236,440.2248052514908
3.900000000000003,3.526714263437085,2.595092031172048,24.42453292133809,0.18196668601692334,5.995387324211011,0.0,3.548797919234179,2.397402985602916,5.56388948385444,0.10319027902264587,-0.18103026784109721,0.0,459.4593811928616,460.1443971962716,457.70383972782975,458.9496533964735
3.920000000000003,3.598290835026766,2.643407739914962,24.535892203025885,0.1840309307384631,5.991766719291526,0.0,3.608859239733917,2.434167888688496,5.5720386849249035,0.10225311192220182,-0.1810006929523023,0.0,464.7364253155679,464.7132619501308,465.0777776878226,464.866209207748
3.940000000000003,3.6710171820520165,2.6924266037259716,24.647219868820848,0.18613555534141568,5.988146876135724,0.0,3.6637754627911474,2.46771849241248,5.560727894571504,0.11316753948467148,-0.1804163929530398,0.0,446.9070441336073,447.01846454575514,445.1646603168597,447.8456041233108
3.960000000000003,3.744824656230134,2.7421054034483294,24.758242654985626,0.18840695116397121,5.984551251793993,0.0,3.71697195502061,2.5001614798233036,5.541550721906348,0.11717878190109579,-0.18545693207687738,0.0,440.04883440653276,438.76305981424247,438.8493757836706,439.85889910360225
3.980000000000003,3.8197091907497223,2.79244080613627,24.86890217233143,0.19075200360479538,5.980844396092408,0.0,3.771481496938186,2.533378788970788,5.524401012674392,0.1188973876161767,-0.18759372404212513,0.0,442.4568467141364,441.895064109258,441.2544815802854,441.69241558101527
4.000000000000003,3.895756534551603,2.84348443703182,24.979424916099912,0.19314012291558136,5.977108988290855,0.0,3.8332528832499198,2.570984300584175,5.527873364173624,0.12340772207447255,-0.19333248336597675,0.0,463.0155526096229,461.6260451825224,462.16661124846644,463.2442019641277
4.020000000000002,3.9731430711116604,2.895342948572463,25.09031428294442,0.19569017717885995,5.973260808303344,0.0,3.9054007727558324,2.614866853480113,5.561063320276786,0.11060929859428367,-0.1872547074883286,0.0,490.11647840703387,491.43751664577377,492.5403549298314,489.70416346818723
4.040000000000002,4.05165791934249,2.947887950948209,25.200873936726005,0.19792587179018728,5.969515816779275,0.0,3.946084050327063,2.639633384094486,5.494902057881793,0.1037523839176587,-0.1868016606961417,0.0,390.96864338397575,391.05599419173836,393.96679950101833,392.0721740790967
4.060000000000001,4.1311508721109425,3.001027586123007,25.310592101718335,0.200002698861816,5.965781694025452,0.0,4.003211226518247,2.6743301333853227,5.476914441351206,0.10563885855355024,-0.18484694327411552,0.0,443.0803147993276,443.5283264259199,442.87519468727476,443.3499637120864
4.080000000000001,4.211708298115791,3.054813126085348,25.419696342783638,0.20211852127451824,5.962153425133749,0.0,4.052531373966589,2.704223862848784,5.433509665178835,0.103170968105838,-0.1965661560275449,0.0,418.2244111309499,415.1142782304263,418.275216866563,417.6403022686506
4.1000000000000005,4.293370784807553,3.1092676545216094,25.528264886886305,0.20418213271100782,5.958223302236153,0.0,4.11371729520949,2.74122898077733,5.423344745087816,0.10379076544848669,-0.19811549327681346,0.0,452.2088305122888,451.7971072616532,451.2312289409157,451.39041878914946
4.12,4.376335179946452,3.164508199412039,25.63683439178337,0.20630013643271727,5.9542612353139575,0.0,4.182722218680409,2.7828255082656392,5.433605744618863,0.09460507954704783,-0.19741843755459568,0.0,471.4536959406964,471.579367873738,473.7401598954005,471.6246756178588
4.14,4.460698086454157,3.220590521427992,25.745636230419432,0.20820045262828568,5.950313067142181,0.0,4.2535684320901535,2.8254066933296773,5.446578118987266,0.09865837564471562,-0.1980518084029063,0.0,475.6194211517413,475.43852310985847,475.18126186373786,476.11967506971155
4.159999999999999,4.546482443398537,3.2775255055183927,25.854684774496313,0.2101741326190263,5.946355934593983,0.0,4.324867262347764,2.868091715710436,5.458276288700949,0.09967077659934107,-0.20084595222891777,0.0,475.23202596500516,474.55328900530293,475.675300725732,475.9155397874636
4.179999999999999,4.633491252697731,3.3351926128414244,25.96337925908667,0.21217103357413958,5.942343310203558,0.0,4.376013667571707,2.898619016592728,5.411172170334376,0.10231101262144765,-0.20377670440309598,0.0,418.68441843560373,417.87621007271065,415.3152357885704,416.0188836466828
4.199999999999998,4.721591473086605,3.393509820862744,26.07130285804299,0.21421785166597296,5.938279563483057,0.0,4.4340083713155725,2.9331017855392307,5.381187725297985,0.103404483612521,-0.1989213223252712,0.0,434.39260336194315,435.57102304904896,435.37098918904314,435.65475699638523
4.219999999999998,4.810884385441645,3.452534885325832,26.178696111427048,0.21629388534022986,5.934306282831768,0.0,4.495282864188538,2.96940466076962,5.358137613107702,0.10739045952982969,-0.19571327144776898,0.0,441.9858657834378,442.73966909977884,442.77082006079024,443.76309802121784
4.2399999999999975,4.901359072565131,3.5122591258337854,26.285490965692333,0.21844765100453944,5.930392143127989,0.0,4.552185848160031,3.003019390025706,5.321347813420605,0.10393894574228235,-0.19521182319098795,0.0,429.5830788609,429.67180839910884,428.96044616242136,428.0905983468128
4.259999999999997,4.993130168966615,3.5727480567003354,26.391952113295197,0.22058313664178897,5.926590029930518,0.0,4.6249237919883335,3.0458736966293194,5.324766946866023,0.09328937087713952,-0.1809203385691527,0.0,469.15206551695013,472.43535528579787,470.46816151304955,467.9961236336056
4.279999999999997,5.086248920605903,3.6340302693466127,26.498179280307983,0.22245441899540364,5.923000564906786,0.0,4.686951371940475,3.082347567998392,5.297949754412669,0.08997427327013183,-0.17331221821632908,0.0,439.5833449560759,441.4393043679912,441.4214068229067,440.607145334479
4.299999999999996,5.180672048084054,3.696078384646304,26.604018711217183,0.22432673845876305,5.919556484248721,0.0,4.7553613758745445,3.122463961970776,5.285993336507101,0.10204357299766975,-0.16665433472955538,0.0,457.01445719785255,458.57627359508155,453.3943608227971,456.3014350212543
4.319999999999996,5.276403453371687,3.7588929446869734,26.70944818900323,0.22636981582648819,5.9162329559251265,0.0,4.817779152888808,3.158992042096137,5.256954442097711,0.1041440052254137,-0.17102660439122006,0.0,439.76040572177146,438.6452992151606,439.76230239086823,440.2932298674764
4.339999999999995,5.37348163415644,3.8224952082718695,26.81453169477938,0.22845592762021294,5.912813136430339,0.0,4.890038925586457,3.201234316393483,5.251396135517172,0.1066863227572062,-0.1698327928174016,0.0,463.94902946372304,464.20351745690834,463.2614407859554,463.8698802154266
4.359999999999995,5.471829090787694,3.8868392699891423,26.919045164467686,0.23063883966822996,5.909448361570732,0.0,4.94470673753893,3.2331718553338162,5.199950833313359,0.11660454768636248,-0.16184768208042874,0.0,416.98328092707004,419.0418317615818,414.5492047389606,417.1672056463906
4.379999999999995,5.571570122384554,3.9519969673087925,27.023262649092484,0.23297110570053103,5.906212292691716,0.0,5.029396422147062,3.282597876631155,5.2217976291662165,0.11601280690966025,-0.16051744706985016,0.0,490.89595419409227,491.16987066451986,491.3022042070408,491.1812893867124
4.399999999999994,5.6726814946057385,4.017954878856572,27.12710315197738,0.23535330573997904,5.903017085487168,0.0,5.081740799971334,3.313193278146793,5.162252659323394,0.1271432966791591,-0.16602048929163912,0.0,410.4703420642474,408.9752187668831,407.42340958524875,410.412254887448
4.419999999999994,5.775050674461049,4.084648122358289,27.230255451790534,0.23789642500051933,5.899721833497997,0.0,5.155177185559711,3.35613107202492,5.152977321992146,0.12643150041986423,-0.15892714076476558,0.0,460.8820563561301,462.5362132434531,463.2540443361869,463.10008650184346
4.439999999999993,5.878811535383215,4.152155702205452,27.33302063339303,0.240432102633779,5.896544911724064,0.0,5.220908906656867,3.394626912691252,5.12354083825728,0.1226771363293207,-0.16072771920595383,0.0,443.51578013260274,443.04772237959986,442.6405424784889,441.7270756048728
4.459999999999993,5.983900250775722,4.2204415898004,27.435215401723365,0.24289591597565785,5.893332370452924,0.0,5.28796263259387,3.4339618468035242,5.095935994776366,0.12720937976777721,-0.15872117342848224,0.0,445.3939770925427,445.8617011139647,444.1466216187623,445.27428600191087
4.479999999999992,6.090154652535177,4.289411988656114,27.53643033644534,0.24544792082905342,5.890158630973815,0.0,5.337477543351667,3.4630780387679394,5.0255574774209775,0.12325532917621244,-0.15755156711764973,0.0,398.30106738382176,398.5948739362436,399.6915401363585,398.6254069301932
4.499999999999992,6.1976669811318645,4.359122104314932,27.636854866309196,0.24792199743699772,5.887016005988052,0.0,5.413755316317033,3.5079335271138694,5.016895508964834,0.11901975969381284,-0.15345123625567755,0.0,464.18390195685697,465.1261661260843,465.82883607897503,464.8469007013231
4.519999999999992,6.3065463450968196,4.429636937444137,27.736724204185865,0.2503026814058167,5.883950613594568,0.0,5.474181080178485,3.543549785806624,4.97003827870218,0.11825979266414942,-0.1507559323286354,0.0,425.66319594552016,426.33149907322735,426.14983421979366,425.968258202551
4.539999999999991,6.4167065327769786,4.50090699177999,27.835812007108096,0.2526733283253382,5.880950819297382,0.0,5.541837687837436,3.583455647778684,4.938742013521066,0.11495795492191126,-0.1452198056343492,0.0,442.21122456450297,443.55618342207237,443.4801330357492,442.6781388290201
4.559999999999991,6.528224955013855,4.572978689938807,27.93427409093196,0.2549738748597905,5.878055428280327,0.0,5.61000453585027,3.6237141681030285,4.907466368865207,0.11662374963541389,-0.14097596406530555,0.0,442.77100509894893,443.79774963905146,443.56864176289554,443.9907795931969
4.57999999999999,6.641010249718241,4.645799354692811,28.0318822631579,0.2573364309720123,5.875246253630355,0.0,5.668524934588349,3.6583523072973296,4.853350853728727,0.10886731752860083,-0.13642741894978958,0.0,418.129804488208,419.2974985736972,420.8994705547694,418.89320551966733
4.59999999999999,6.755071366697532,4.719375520675711,28.128635686183312,0.2595368117229535,5.872530456702645,0.0,5.737586763340745,3.6992642909926325,4.8219914488121995,0.11565471767429542,-0.13137737909145786,0.0,443.1624448856955,444.38915660819026,443.67584398606203,445.35540485958467
4.6199999999999894,6.8707213814967405,4.793892889489721,28.225213321144484,0.26185380039939243,5.869906643963002,0.0,5.827414716580162,3.752472590408301,4.835772047304761,0.11286390311471936,-0.12864430675888563,0.0,490.33495445518986,490.9297935698513,489.68091314401505,489.06815597038724
4.639999999999989,6.988088172818276,4.869428391876806,28.32187827756016,0.2641172749426266,5.867371229772349,0.0,5.9092644155734435,3.8010776483002635,4.830723594262894,0.11638426699933202,-0.11998729289442686,0.0,472.8301030321182,474.8132653160451,471.39658102611133,472.2227009350083
4.659999999999989,7.107062586562542,4.945919631161106,28.418367579437565,0.26647182362135347,5.864975268746694,0.0,5.988176958853145,3.848046280129744,4.818206593477652,0.12371411539346472,-0.1172359905728681,0.0,465.1303297896124,465.7642213637422,466.193105173324,467.92000864482105
4.679999999999988,7.227697804413678,5.0234004955241245,28.514776618194,0.2689573096273623,5.862650884246937,0.0,6.075344826260489,3.900040156172093,4.822697282165608,0.11898047025691148,-0.12361334295475247,0.0,483.8463076073786,482.3922620061771,485.2960714198101,484.2411729091677
4.699999999999988,7.34973387963482,5.1017195456579065,28.610527256049348,0.2713874719876559,5.860179987358585,0.0,6.128262695853666,3.931864857206118,4.752366503369443,0.129035613732292,-0.1219580660943815,0.0,405.4457722722776,405.8763907793566,404.16554234653097,406.89037390293186
4.719999999999987,7.4728302149864,5.180677224947822,28.70487017839732,0.2739681849780613,5.8577408299664455,0.0,6.181370839304421,3.963903071785449,4.6819257314280405,0.12899777831208273,-0.12204671988888229,0.0,405.66780861762277,405.628910181492,404.9897944428983,404.99658867754016
4.739999999999987,7.597329605228476,5.2604804434328125,28.7985235355371,0.27655038695107326,5.855326123408437,0.0,6.268568184903126,4.016418776713566,4.683409982549647,0.12687815251005483,-0.1292893492138358,0.0,482.2681402093252,480.61149559234343,482.99793334441324,482.5317684047894
4.7599999999999865,7.723318305740933,5.341183321338691,28.891659454699806,0.2790881802745018,5.852755844936029,0.0,6.330301866342599,4.053869013874269,4.6301819337209285,0.12755678824079142,-0.13485864214353305,0.0,426.50617884595357,425.060196553152,426.09412770494,426.2836279315976
4.779999999999986,7.850427388524205,5.422567745095897,28.98348489920945,0.28167042651637697,5.850116460495901,0.0,6.380606411984628,4.084573361846346,4.552362517243479,0.135444814237088,-0.14560930749449302,0.0,399.00964926361513,396.03400388952946,396.96698094212076,399.1502472281616
4.799999999999986,7.978885337657509,5.504773277298987,29.074461177740268,0.28437952023679447,5.8472090209104195,0.0,6.465188501345834,4.135979858462679,4.545265335838505,0.13607320213603974,-0.14252821534741866,0.0,474.8906116445275,475.5809825614426,474.50827382379555,474.66867004412427
4.819999999999985,8.109045239214595,5.588014315001128,29.165304953750297,0.2871079116539139,5.844358473889358,0.0,6.5508016543626315,4.18812391175142,4.539112265164432,0.13979539890632262,-0.1423422804825187,0.0,476.22430512144365,476.24953920141905,477.19664450235683,478.06421323937855
4.839999999999985,8.24076902775676,5.672209990609088,29.25571098865913,0.2899751657765677,5.841512058219774,0.0,6.621577199853986,4.231443649044572,4.501491225718802,0.12785001113298447,-0.14141498326316543,0.0,446.01222698641476,446.2206566858159,446.09213254454136,443.17342592735434
4.859999999999984,8.374045317449498,5.757356231963674,29.345633360455633,0.2925337327630828,5.8386875584360105,0.0,6.706051769419895,4.283180486414016,4.490745953931771,0.12962018844361822,-0.13865821649762836,0.0,473.66304415058613,474.28159387041813,473.9165053364879,474.3384296996333
4.879999999999984,8.508810586456041,5.843416725864012,29.434927050660455,0.2951659175658783,5.835919959052603,0.0,6.770475131234395,4.322868903619769,4.438623066550787,0.13853994560656416,-0.14199436593842202,0.0,431.2156731843647,430.35057596635244,430.3705116325637,432.64616913103026
4.8999999999999835,8.645020517042594,5.930366648277819,29.52348276065463,0.29793903603785843,5.8332085081074805,0.0,6.8505179274209125,4.372123337761007,4.416947932866902,0.13638608402842706,-0.12596711579086198,0.0,462.2638231377641,466.0206940957556,464.6613657380189,464.1712815717935
4.919999999999983,8.782613009306017,6.018170405430397,29.6111637687412,0.3006718603801195,5.8306891680584805,0.0,6.908731298921397,4.408252377496742,4.351152875789865,0.1331915068444265,-0.126034448059704,0.0,416.8511723779065,416.8179184675591,417.2331598347814,416.41386381486205
4.939999999999983,8.921594326132674,6.10683482522257,29.697965152786367,0.30336413455211275,5.828168481679391,0.0,6.989400383744334,4.458189601720574,4.328985528726873,0.12564908878320716,-0.12596258561241347,0.0,464.3784619896806,464.381665512842,466.16829334372926,464.4117514582746
4.959999999999982,9.062411531570321,6.19663535831823,29.784749227366703,0.3059160059133843,5.8256779724553365,0.0,7.092320160020509,4.521863707845361,4.3494219293068195,0.13446833882014728,-0.1335444703640178,0.0,508.4710589831701,506.8262064972241,507.74424679444263,509.65151763520123
4.979999999999982,9.205137957413946,6.287619646061504,29.871642422151073,0.308684819228235,5.823012876481972,0.0,7.180322424341846,4.576565066482014,4.339897549130019,0.14707361854313378,-0.13694841922223272,0.0,480.36730629938126,479.5770844305633,479.1195866551079,482.0020953050858
4.999999999999981,9.349335840336877,6.3795225487924885,29.957780874173682,0.3116284714506312,5.820278453842288,0.0,7.239465867951219,4.613725206616427,4.273947653130943,0.14498562834504514,-0.13996362892020042,0.0,420.5831426267452,419.7801168970236,420.93899357140333,420.4179952658269
5.019999999999981,9.494755668636758,6.472193919948563,30.042669301462297,0.31452889246134497,5.817481085763571,0.0,7.302516962036819,4.653411908991041,4.214895075730654,0.14379529745593006,-0.13801196312503733,0.0,429.6647326991173,430.1420995481511,427.3039170878782,427.01986354000593
