time,x,y,z,phi,theta,psi,x_velocity,y_velocity,z_velocity,phi_velocity,theta_velocity,psi_velocity,rotor_speed1,rotor_speed2,rotor_speed3,rotor_speed4
0.02,0.0,0.0,10.000090555366201,6.283144307910473,6.981468714428729e-05,0.0,0.0,0.0,0.009055536620069613,-0.004099926911345682,0.006981468714455968,0.0,412.1801457465486,414.0266411308007,413.73005585814246,412.64590772458337
0.04,-1.435623657602555e-07,-8.430822077508163e-08,10.00036600082238,6.283108157677525,0.00011591473035199584,0.0,-1.4356236576025552e-05,-8.430822077508164e-06,0.018489008997948038,0.0004849036165519372,-0.002371464393721148,0.0,413.6375546038741,411.159506967214,414.0458523144425,415.25402619294084
0.06,-7.108886359930153e-07,-4.3941872549100587e-07,10.001191088406676,6.283068023171712,1.4249526016030245e-05,0.0,-4.2376390447250414e-05,-2.7080228394084256e-05,0.06401974943167171,-0.004498354197829024,-0.007795056039907535,0.0,449.24372136732495,447.9227650178927,448.73585108316144,447.52085297087325
0.08,-1.593873719569751e-06,-1.27286250115123e-06,10.00299779539968,6.283037160808217,6.2829979527475155,0.0,-4.592211791042316e-05,-5.626414917193815e-05,0.11665094986861846,0.0014121178483709907,-0.012365339768727647,0.0,455.162091797317,454.0638014677133,454.4729731559715,455.8917830362059
0.1,-2.115732419688952e-06,-2.7117352549838995e-06,10.005485570672324,6.283013161328945,6.282702101053598,0.0,-6.263752101496903e-06,-8.762312621132874e-05,0.13212657739575276,-0.003812065775646133,-0.017219829623037617,0.0,420.7093827715697,419.44686071558175,419.7503450025874,418.3882541583737
0.12000000000000001,-1.008713477284283e-06,-4.9032118566281255e-06,10.008716346983553,6.282949384096288,6.282384482377131,0.0,0.00011696564634196381,-0.0001315245339530938,0.19095105372716106,-0.0025656574901888832,-0.014542038023747416,0.0,460.31594853657504,460.9511995581892,460.2947089517357,460.59054879560745
0.14,3.138438870718097e-06,-8.066292163599808e-06,10.012830839336035,6.282928322822196,6.282097780458868,0.0,0.00029774958845827417,-0.00018478349674407445,0.22049818152099462,0.00045953008103420635,-0.014128153802580989,0.0,433.1895209017734,433.29400179966433,433.0143680598475,433.7770849035736
0.16,1.1196739435779702e-05,-1.2258977311305416e-05,10.017212831687123,6.282914902839959,6.2818656607475845,0.0,0.0005080804680478863,-0.00023448501802648627,0.21770105358783978,-0.0018015283047789392,-0.009083817325575318,0.0,401.59676247864115,402.9669142028539,400.21499660550774,399.5972245318676
0.18,2.4721885394603543e-05,-1.7637888489313396e-05,10.022153667850853,6.2827836987498955,6.281772415231613,0.0,0.0008444341278344979,-0.0003034060997743117,0.27638256278515927,-0.011318880701552573,-0.00024073427156267452,0.0,459.39375069126373,461.49230296770594,461.55997776700093,459.30152722149535
0.19999999999999998,4.4806798472314605e-05,-2.461452499784282e-05,10.027981508419076,6.282502861841376,6.281758782006165,0.0,0.0011640571799366082,-0.00039425755107863044,0.30640149403715605,-0.016764810150406616,-0.001122588273113213,0.0,434.1530346001399,433.93105028681396,434.2661807308428,432.89393170638044
0.21999999999999997,7.141504521719802e-05,-3.4091352214332145e-05,10.034479850800617,6.282027554027778,6.28185848704701,0.0,0.0014967674945517335,-0.0005534251705703021,0.3434327441168704,-0.030765971209498023,0.011093092357688482,0.0,438.6998314822203,441.73179932702146,442.5101879663279,439.0395755439749
0.23999999999999996,0.00010400026980360256,-4.747207867401068e-05,10.04138366881071,6.281450114256916,6.28201874438658,0.0,0.0017617549640887198,-0.0007846474753975514,0.3469490568923128,-0.026978005876701967,0.004932641599349784,0.0,408.1958266913806,406.5433927321524,407.4447888666097,408.4589138906309
0.25999999999999995,0.00014251158658533684,-6.803821511013504e-05,10.049169088032539,6.280953874746189,6.282207469844888,0.0,0.0020893767140847085,-0.0012719661682148843,0.4315928652905103,-0.022645945195974015,0.01393990423133147,0.0,483.1574755221984,485.19002668982966,482.0950149178125,483.0757307646293
0.27999999999999997,0.00018657448121939753,-9.86699516040086e-05,10.058165882960996,6.28055603735927,6.282455925221839,0.0,0.002316912749321361,-0.0017912074811724723,0.46808662755518243,-0.017137793495898907,0.010905633463758026,0.0,440.00659854658363,439.2523690164971,439.8466249503074,441.21275197423216
0.3,0.00023458282116893187,-0.0001405144659360937,10.067855357467938,6.280286471110619,6.282678866722982,0.0,0.002483921245632072,-0.0023932439520360344,0.5008608231389722,-0.009818831369192604,0.011388516650432423,0.0,435.88484414896374,436.00574993441876,436.304977155229,438.1340920418105
0.32,0.0002853428998289756,-0.00019457079188317354,10.078046405493991,6.28000693961053,6.282964142092986,0.0,0.0025920866203723034,-0.00301238864267195,0.5182439794663892,-0.018134318639656182,0.017139020349897012,0.0,421.0992861760625,422.5886316180206,422.63455730931446,420.47938034379894
0.34,0.00033779657002947606,-0.00026361312483802116,10.089216278485425,6.279600055203527,0.000142766869473121,0.0,0.0026532803996777423,-0.0038918446528128136,0.5987433196770227,-0.022554122060493377,0.01925417525742202,0.0,479.27316807646446,479.7550305086296,480.855311366286,479.85005277163066
0.36000000000000004,0.0003905014737521668,-0.00035050739771486816,10.101755418445286,6.279005523071945,0.0005050544817004621,0.0,0.002617209972591333,-0.004797582634871889,0.655170676309083,-0.03689909109786554,0.016974585965292208,0.0,458.3183427420095,457.77450673759733,461.027932197297,457.6155239666339
0.38000000000000006,0.00044144554013439657,-0.00045804608242277036,10.11566897166564,6.2782590758476005,0.0008516128592708228,0.0,0.002477196665631644,-0.005956285835918328,0.7361846457262742,-0.03774563133654033,0.017681251791732255,0.0,480.3655165724865,480.5261240219271,480.6911015542115,480.4981204159836
0.4000000000000001,0.0004892743591768982,-0.0005870927630846567,10.13044454874013,6.277557211256422,0.0013345049224842143,0.0,0.0023056852386185256,-0.006948382230270294,0.74137306172258,-0.03244082778128467,0.030607954529649952,0.0,408.4695505976534,411.9128841269088,408.69238899821454,410.10738372801234
0.4200000000000001,0.0005316594370864212,-0.0007417851286300912,10.146103942491681,6.276886848027523,0.0019928761203438228,0.0,0.0019328225523337714,-0.00852085432427316,0.8245663134324814,-0.03459549510867717,0.035229165256335404,0.0,481.6154969558014,482.6630092559487,483.1205017625767,482.63264233709475
0.4400000000000001,0.0005661740389604715,-0.0009252922396922949,10.162711523346916,6.276152443364753,0.0027383976873052163,0.0,0.0015186376350712519,-0.009829856781947206,0.8361917720909086,-0.03884497116835843,0.03932299143979767,0.0,416.5289106597871,417.6020699554114,416.3265364722303,415.20915640564755
0.46000000000000013,0.0005905320099306215,-0.0011373365178001694,10.17966973539543,6.2752573428321945,0.0035060421125132635,0.0,0.0009171594619437545,-0.01137457102884025,0.8596294327606574,-0.050665082087384974,0.0374414510809843,0.0,429.05801492799736,428.5794238664643,428.8302955267828,425.8070635213895
0.48000000000000015,0.0005993769233167193,-0.0013863053390849864,10.197609324265374,6.274178419091582,0.004267921224133886,0.0,-3.266812333397153e-05,-0.013522311099641457,0.9343294542337114,-0.05722729197387606,0.03874646008104904,0.0,475.14463147003573,475.44520244846336,476.06499793142336,474.5550121127081
0.5000000000000001,0.0005864797187684457,-0.0016825900467443953,10.21720257001159,6.273038564846132,0.005053653254761592,0.0,-0.0012570523314933823,-0.016106159666299424,1.0249951203879193,-0.05675813257112451,0.039826742981736094,0.0,489.50838726776453,489.7500525020797,488.69486338781826,488.79782244574426
0.5200000000000001,0.0005480374390932758,-0.0020314188231624563,10.238372304302999,6.271845775154318,0.005939260837493521,0.0,-0.0025871756360236154,-0.018776717975506674,1.0919783087529948,-0.06252083661021446,0.048734015291482066,0.0,467.9952667275725,470.07103649166106,469.2064779042648,467.86053349691804
0.5400000000000001,0.0004797349199198632,-0.0024385674649915244,10.261037705382273,6.270775004332766,0.006964805779921868,0.0,-0.004243076281317639,-0.02193814620740014,1.1745617991744584,-0.04455624554502306,0.0538204789513956,0.0,482.40159527400164,483.55359422151116,480.08347109639897,484.15246724005016
0.5600000000000002,0.00037572642141315486,-0.0029114462898504755,10.285315778817166,6.269837364623706,0.008031307833308077,0.0,-0.006157773569353199,-0.02534973627849494,1.25324554431493,-0.04920772536088759,0.05282972638723127,0.0,479.75110245910065,479.5270821094939,479.57855642172194,478.5166066216518
0.5800000000000002,0.00023368686296951463,-0.003449824767451378,10.310769730201597,6.2687625232631685,0.009172064000543934,0.0,-0.008046182275010824,-0.02848811148159527,1.2921495941281649,-0.058276410692917065,0.06124589033639255,0.0,442.3267384104535,444.4027633897874,445.0938387425831,442.8604057394037
0.6000000000000002,5.472552464079081e-05,-0.004047949260646417,10.33661704565694,6.267674860932223,0.010412528106939156,0.0,-0.009849951557861558,-0.03132433783790861,1.2925819514061347,-0.0504898224016415,0.06280052030316743,0.0,406.04445390743734,406.4656679066562,404.9313506976141,407.0244152869445
0.6200000000000002,-0.00016975606655079213,-0.00471537125585189,10.363145640569604,6.266655449228981,0.011710638684765406,0.0,-0.012598207561296735,-0.03541786168263867,1.360277539860233,-0.051451347922522615,0.0670105374794422,0.0,469.21349670325577,470.19550690954765,470.3806506146381,470.1557752636706
0.6400000000000002,-0.00045020620935607363,-0.005463934188461711,10.390821231875888,6.265598973410331,0.013047332463740346,0.0,-0.015446806719231414,-0.0394384315783434,1.4072815907682212,-0.054196233942603325,0.06665884041801219,0.0,451.0919981982539,451.0100822699594,452.23220511804,451.56683953989506
0.6600000000000003,-0.0007841946565499106,-0.0062864677769832586,10.418924564815624,6.264586645499218,0.014366971044558419,0.0,-0.01795203800015228,-0.042814927273811365,1.403051703205302,-0.04703655716858809,0.06530501766382256,0.0,402.1616935128155,401.7975087195632,400.34878223928035,402.29589980824886
0.6800000000000003,-0.0011799442903574204,-0.007190282758047209,10.447578067540816,6.263670472832658,0.01565761693258949,0.0,-0.02162292538059871,-0.04756657083258366,1.4622985693138224,-0.044580709487458015,0.06375957113932658,0.0,462.79598558297005,462.433917315579,462.57296141218524,463.1514916516974
0.7000000000000003,-0.0016463366759636843,-0.008183903064137138,10.477028692786865,6.26274485398336,0.017015599394559544,0.0,-0.025016313180027665,-0.05179545977640928,1.4827639552911638,-0.047981175442444415,0.072038675057655,0.0,425.06219826849036,427.1883548622078,427.5634505567058,426.6922956909112
0.7200000000000003,-0.0021854462292167794,-0.009266396081529002,10.507000554253434,6.261687002458498,0.018511926461900252,0.0,-0.028894642145281847,-0.0564538419627772,1.514422191365851,-0.057803977043830904,0.07759403167640891,0.0,436.3464894946277,437.7395549410764,439.1218264003767,436.66924698059813
0.7400000000000003,-0.0028045349498024494,-0.01044330800917243,10.53755159902587,6.260504070549107,0.020053395960686338,0.0,-0.0330142299132851,-0.06123735080156572,1.540682285877746,-0.06048921389531465,0.07655291820217508,0.0,432.21122413969334,431.95290821301256,433.07425202185925,432.39378410715983
0.7600000000000003,-0.0035119864318719357,-0.011721394122954086,10.568754388157911,6.2592448333643205,0.02159732256999103,0.0,-0.03773091829366353,-0.06657126057659976,1.5795966273264286,-0.0654345045834397,0.07783974272827665,0.0,444.4033837556171,444.7243098092745,445.05070127825144,443.832249984656
0.7800000000000004,-0.004312473472347896,-0.013103655317105981,10.600507192215428,6.257928591538622,0.02307549226958816,0.0,-0.04231778575393251,-0.07165485883858969,1.595683778425319,-0.06618967798624438,0.06997722723141468,0.0,424.3161768750283,422.29170184318804,422.2528196771608,422.05393579963356
0.8000000000000004,-0.005224148721031949,-0.014608230375905813,10.633288145401483,6.256650099253328,0.024337015595662592,0.0,-0.048849739114472795,-0.07880264704139345,1.6824115401801885,-0.061659550543235554,0.05617510537599226,0.0,489.4635445467559,486.3757975173317,486.3305828206716,487.34452779127696
0.8200000000000004,-0.006252001984210602,-0.01623972297735142,10.66706297483792,6.255316783366062,0.025478492286760357,0.0,-0.05393558720339256,-0.08434661310316743,1.695071403463483,-0.07167203818323967,0.05797256373374407,0.0,420.09398079951137,420.56360931247895,420.37447485552104,417.76072350524424
0.8400000000000004,-0.007402225417108408,-0.018004853721106762,10.701807432816405,6.253877795631121,0.026612598276567923,0.0,-0.061086756086388055,-0.09216646127236677,1.7793743943851712,-0.07222673531080653,0.05543803524701215,0.0,485.08456911603975,484.51532485205007,486.4935571526319,486.3654806729297
0.8600000000000004,-0.008681623705961936,-0.019911667540530385,10.73759820910805,6.252498369134752,0.027756987071042794,0.0,-0.06685307279896477,-0.09851492066999562,1.7997032347793718,-0.06571591432605621,0.059000844200495846,0.0,427.553429326689,428.46523577060844,426.33678672174597,427.99804834041345
0.8800000000000004,-0.010097115211697252,-0.021968646001310366,10.774453768647131,6.251261127451986,0.028958382319583365,0.0,-0.07469607777456687,-0.1071829254080024,1.885852719128671,-0.058008253950409545,0.06113868065358024,0.0,489.0777708265071,489.55726706121254,484.890981284433,486.62203418162187
0.9000000000000005,-0.011653998997204016,-0.024181691812446306,10.812381276862588,6.250112997665461,0.030123483914199056,0.0,-0.08099230077610946,-0.11412165570559152,1.9068981024170786,-0.05680472470203596,0.05537147880801289,0.0,429.6622633256434,428.19583001629104,428.30551036596734,428.60998787082997
0.9200000000000005,-0.013329630257035822,-0.02652535036457378,10.850407469394954,6.24894553809532,0.031231052535836135,0.0,-0.08657082520707118,-0.12024419950715574,1.8957211508193847,-0.059941232312020566,0.05538538335570185,0.0,396.16619826957265,396.1725096703002,396.80909989874687,395.94177074202275
0.9400000000000005,-0.015119689167660042,-0.028994502843083022,10.888235769746629,6.247767756008095,0.03234467710828781,0.0,-0.09243506585535084,-0.1266710483437684,1.887108884348228,-0.05783697641047632,0.05597707388945833,0.0,399.18547676280775,399.3498640175104,398.3051045534932,398.8790007801926
0.9600000000000005,-0.017047303627868972,-0.03161429708652056,10.92645318724471,6.246687541394662,0.03352716404827216,0.0,-0.10032638016554205,-0.13530837599998533,1.9346328654599292,-0.05018448493281931,0.06227162010901871,0.0,452.566821301045,454.08616292103903,453.2200432933505,455.0591145970189
0.9800000000000005,-0.019140435322805793,-0.034414698505174084,10.965764091239976,6.245699329093007,0.03482071175567114,0.0,-0.10898678932814013,-0.14473176586536726,1.9964575340666615,-0.04863674523261819,0.06708315063088555,0.0,465.72391751257595,466.85407718302196,467.2323460396737,467.59272859618295
1.0000000000000004,-0.021403326561883918,-0.03739881151981715,11.006116502589938,6.244737975293475,0.03611414940440927,0.0,-0.11730233457967228,-0.15367953559893938,2.038783600929634,-0.047498634720675136,0.062260614242955856,0.0,449.68928812518436,448.51920475278905,449.492941858015,449.7681110318612
1.0200000000000005,-0.02384545839789903,-0.04057464176375001,11.04758741167505,6.243907882589543,0.037319221138718994,0.0,-0.12691084902183886,-0.16390348879434632,2.108307307581679,-0.03551063567263084,0.05824655918804077,0.0,475.2656446815296,474.3443566967264,471.9484071228187,474.7147494371248
1.0400000000000005,-0.02646695171933701,-0.043940312923447924,11.090019982500355,6.24321008552635,0.0385440700054378,0.0,-0.13523848312195924,-0.17266362717544503,2.1349497749488346,-0.03426907064659141,0.06423832748385255,0.0,433.80064817248063,435.30980805955863,435.4189631368884,435.72986173576385
1.0600000000000005,-0.029266160783111242,-0.04749147811200946,11.13320364954025,6.242545958315251,0.03984593876720055,0.0,-0.1446824232554639,-0.18245289168070855,2.1834169290406997,-0.032143650463313925,0.06594854869242865,0.0,454.52089885686803,454.9347984413062,456.21582531177313,456.724178842971
1.0800000000000005,-0.03225170830677931,-0.05123421380239762,11.177212850229147,6.241952271792682,0.04110046465220041,0.0,-0.15387232911134294,-0.19182067735810776,2.217503139848966,-0.027225001793534473,0.05950403980759347,0.0,443.62632419469503,442.0392897510558,441.5030902923046,442.718434729009
1.1000000000000005,-0.03543999862540142,-0.05518176214533707,11.222293572687233,6.241384324589077,0.04240602835357876,0.0,-0.16495670275086824,-0.20293415693583772,2.2905691059596416,-0.02956971856702599,0.0710523303302588,0.0,476.5648668675441,479.20774499439904,478.19951769253487,477.6633005393859
1.1200000000000006,-0.03882782171372624,-0.05932782242612865,11.268230815540145,6.240760078448936,0.043883974205564336,0.0,-0.17382560608161424,-0.21167187114332006,2.3031551793314624,-0.03285489544697317,0.07674225486832519,0.0,422.27680859854206,423.75083907193005,421.917526857883,421.0654825843194
1.1400000000000006,-0.04241351454181564,-0.06366674737898834,11.314815485971348,6.240007106638249,0.04535207131082153,0.0,-0.18474367672732595,-0.2222206241426485,2.3553118637889385,-0.04244228562186178,0.07006745565743508,0.0,460.66455675805054,459.08292749917996,460.6947807038121,458.414654438533
1.1600000000000006,-0.04620088426224388,-0.06819917413754846,11.361995341247722,6.23911785868156,0.04672123623182145,0.0,-0.1939932953154977,-0.23102205171336296,2.3626736638484487,-0.046482510047122005,0.06684903644257423,0.0,417.2330357208466,416.39334791376876,418.53648419541247,417.47916017375724
1.1800000000000006,-0.050196995699068575,-0.07292918558741919,11.409769988511526,6.2382076120978756,0.04799091064392336,0.0,-0.20561784836697192,-0.24197909327370995,2.4147910625318647,-0.04454214832133975,0.06011840476762422,0.0,461.1946794062238,459.60031757983535,459.33511727601206,459.7952959812608
1.2000000000000006,-0.05443021042320822,-0.07788195800051535,11.458616929307732,6.237355441267187,0.04916478181895023,0.0,-0.21770362404699176,-0.25329814803590556,2.4699030170887837,-0.0406749347476188,0.0572687127350785,0.0,464.0380812093757,463.3689141686974,461.7106276514522,462.623955406525
1.2200000000000006,-0.0589202620481246,-0.08307457961362412,11.508812801656012,6.236498992506132,0.05039203320620267,0.0,-0.23130153844464615,-0.26596401327497154,2.549684217739196,-0.044969941357884756,0.06545642599013272,0.0,484.1531162368022,485.9995673046392,485.19274544316767,484.2237362100338
1.2400000000000007,-0.06366244654076386,-0.08850139505892073,11.56014409146142,6.235594182990681,0.05173292823924314,0.0,-0.24291691081928002,-0.27671753125469,2.5834447628017205,-0.04551101018705212,0.06863307731389758,0.0,443.5218573693534,444.30702378990645,444.09990276427965,443.96557612327166
1.2600000000000007,-0.06865058936282378,-0.09415506363730547,11.61235401010908,6.2347360469122535,0.05301569437567899,0.0,-0.2558973713867126,-0.28864932658378395,2.637547101964274,-0.040302597655871256,0.059643536329697766,0.0,464.36069175143075,462.2437053615579,461.80909968197244,463.0388071266816
1.2800000000000007,-0.07386702534596287,-0.10001799739885239,11.664995625857332,6.233964445713646,0.05417516237981079,0.0,-0.2657462269271965,-0.29764404957090734,2.626614472860912,-0.03685752220480624,0.056303264083485224,0.0,401.0649633996609,400.1567163978783,399.59912349179456,400.5391278751939
1.3000000000000007,-0.07930382082521448,-0.10608151688801408,11.717809311485754,6.233266443493058,0.05536142066798,0.0,-0.2779333209979643,-0.30870789934526055,2.654754089981312,-0.03294269985386611,0.06232256473343533,0.0,438.78020275871,440.27896124623754,438.23362421015577,439.2081027159164
1.3200000000000007,-0.08500386919458582,-0.11238304500574539,11.771489025321822,6.232632821525932,0.056540687116903854,0.0,-0.29207151593917025,-0.32144491242787127,2.713217293625557,-0.03041949685863257,0.05560408015891628,0.0,468.44611937278887,466.8788101824699,466.4297777391698,467.0201926618923
1.3400000000000007,-0.0909643555312081,-0.11891830732762548,11.825890595739965,6.231969600499896,0.05763828524833148,0.0,-0.30397711772305774,-0.33208131976013844,2.7269397481888764,-0.03590260574498187,0.05415573298384291,0.0,426.2179307880985,425.8486560177939,426.1093198288411,424.700441253519
1.3600000000000008,-0.09722292923577497,-0.1257188511435347,11.881564336556549,6.231149891511958,0.058687986469998066,0.0,-0.3218802527336292,-0.34797306183078347,2.840434333469423,-0.046068293048874415,0.050814389182843395,0.0,514.7384845524476,514.0301547820435,515.3905630312386,513.2302523955566
1.3800000000000008,-0.1037975653207805,-0.13279970089915955,11.938738267616857,6.2302507033819605,0.05973184518865171,0.0,-0.3355833557669234,-0.36011191373170154,2.8769587725615433,-0.04385051995078934,0.053571482682541825,0.0,447.11712204340074,447.79209998983856,448.70012083967225,449.2387057754021
1.4000000000000008,-0.1106430500791371,-0.14012042076021008,11.996547954442077,6.229334857504874,0.0607828622552411,0.0,-0.34896512006873825,-0.37196007237335293,2.9040099099603855,-0.04773406775784361,0.05153022397639593,0.0,440.32295231017866,439.81797980819056,439.4841678659689,438.5163231427626
1.4200000000000008,-0.11776702279564526,-0.14768766430379213,12.0550377167827,6.2283178051271015,0.061761274939309274,0.0,-0.36343215158207753,-0.38476428198485063,2.9449663241017965,-0.05397117001939041,0.04631104443042339,0.0,453.2654501316434,452.00703153066286,453.55348612501234,452.0468661605346
1.4400000000000008,-0.12517959745468882,-0.15551068271444954,12.114296656589914,6.227220171212947,0.06261370375657549,0.0,-0.37782531432227867,-0.3975375590808909,2.9809276566195764,-0.05579222139613145,0.03893183729619807,0.0,449.72013997485806,447.9246691052831,448.09372328172174,447.6474781060659
1.4600000000000009,-0.1328721621638878,-0.16358291646706105,12.17411736024665,6.2261721973151225,0.06335365240122925,0.0,-0.39143115659762096,-0.4096858161802603,3.0011427090538794,-0.04900516838634373,0.035063027169198104,0.0,434.45331020353404,433.47985367789926,432.5401020184155,434.24928589574216
1.4800000000000009,-0.1408367005770611,-0.1718988090186376,12.234314364425426,6.225172664735867,0.06405822308572606,0.0,-0.40502268471970826,-0.4219034389773934,3.0185577088237623,-0.05094808953915822,0.03539404128049495,0.0,430.7730750422033,430.8576116197317,431.68530585690706,431.19160340304944
1.5000000000000009,-0.1490738585793315,-0.1804605348020972,12.294847972007998,6.224147170981222,0.06477803976701946,0.0,-0.4186931155073329,-0.4342691393685665,3.0348030494333136,-0.05160128592527523,0.036587626848842245,0.0,429.7988689951676,430.1028394256447,430.3854928418955,430.2178552000487
1.520000000000001,-0.15757879845859304,-0.18926523640704987,12.3555957889478,6.223077894135013,0.06559965303031579,0.0,-0.4318008724188203,-0.44620102112670124,3.0399786445468795,-0.05532639869573729,0.045573699480828705,0.0,417.7790236262341,420.123734825272,420.28353623026993,419.31191954236357
1.540000000000001,-0.16633590774609824,-0.19830007625575174,12.416269653600057,6.222052374583626,0.06656567034341165,0.0,-0.44391005633169917,-0.4572829637434863,3.0274078206788424,-0.04722555644303414,0.051028031828772295,0.0,400.91260468990464,402.3980975181625,400.0162066057484,402.2208473149569
1.560000000000001,-0.175374115886534,-0.2075924680080468,12.477247606375744,6.221067086805304,0.0675583711937291,0.0,-0.4599107577118776,-0.47195621148601635,3.0703874568898817,-0.05130322138919478,0.04824205320297187,0.0,455.51907108716927,454.8518049073232,456.28861485692556,455.30968488492346
1.580000000000001,-0.1847255630958341,-0.21717227503543782,12.538949494912362,6.220029564651831,0.06848176578359055,0.0,-0.47523396321813227,-0.4860244912530866,3.09980139677193,-0.052448993958095255,0.044097405783142654,0.0,443.4692777073183,442.44818478063,443.51748669851173,443.23338698402307
1.600000000000001,-0.19437868171024508,-0.2270294497118434,12.601138918018036,6.219052566700169,0.06944637819369781,0.0,-0.4900778982229644,-0.4996929763874734,3.1191409137953516,-0.045250801208138756,0.05236383522761749,0.0,432.4060122868049,434.4913336932122,433.21079134110016,435.0209796079053
1.620000000000001,-0.20434006181530867,-0.23717066077840632,12.663847915198991,6.218186124831213,0.07050217587524621,0.0,-0.5060601122833956,-0.5144281302688174,3.1517588043002527,-0.041393385687506355,0.05321593292718577,0.0,445.9833407742137,446.19385692794725,446.51920898318934,447.4611154398309
1.640000000000001,-0.21461997959079784,-0.247605305538099,12.727158766952261,6.2173424126135615,0.07151110680153394,0.0,-0.5219316652655194,-0.5290363457004505,3.1793263710267157,-0.042977836077571455,0.04767715970160603,0.0,442.4660209487204,441.0977819103433,442.462716750971,442.07028398113306
1.660000000000001,-0.22520921725711687,-0.25832446715565205,12.790875802674567,6.216523374926208,0.07246038306492064,0.0,-0.5369921013663835,-0.5428798160548551,3.1923772012037728,-0.038925932657686776,0.04725046663706307,0.0,428.1132550770321,428.00579205807884,428.0129598687276,429.0451847344154
1.680000000000001,-0.23608049433168696,-0.269302787332424,12.85456233051901,6.215794939549497,0.07339271473291031,0.0,-0.5501356060906261,-0.5549522016223424,3.176275583240659,-0.033917605013335274,0.04598270016186232,0.0,399.3429722478899,398.9974999158106,398.07508697027623,399.44674522867695
1.700000000000001,-0.247258842565787,-0.2805628040341,12.918503162396899,6.215117668531988,0.07424918833850924,0.0,-0.5676992173193772,-0.5710494685452571,3.2178076045481205,-0.03380949673745716,0.03966466039800516,0.0,455.9330172237468,454.4173148861056,455.4078077471125,455.4333118928153
1.720000000000001,-0.2587908819743402,-0.29214671550468907,12.983278997336042,6.214478539525453,0.07502710199080376,0.0,-0.5855047235359411,-0.5873416785136534,3.2597758893662223,-0.03010340391604305,0.038126704831425905,0.0,455.992961061392,455.6249817394179,455.70947395442437,456.5969291980599
1.740000000000001,-0.27067527992151724,-0.30405286483851496,13.048819039092704,6.213942109147659,0.07578788208647236,0.0,-0.6029350711817637,-0.6032732548689353,3.2942282863,-0.02353963386347689,0.03795130473542087,0.0,449.2961999488079,449.2542195854718,448.58498859085773,450.1809228369097
1.7600000000000011,-0.2828919395476486,-0.3162623823684103,13.11480956210262,6.213566115049467,0.0765476651588326,0.0,-0.6187308914313697,-0.6176784981205974,3.304824014691513,-0.01405977595568379,0.03802700250056516,0.0,426.98262783090047,427.0027576056273,425.4193909460843,427.84763457221226
1.7800000000000011,-0.29546138018723367,-0.32879278731733697,13.181470308538467,6.213274927170893,0.07730446484147269,0.0,-0.638213172527137,-0.6353619967720682,3.361250628893346,-0.015059011901798851,0.03765296576346428,0.0,469.74998189428266,469.6635685001089,469.736218332246,469.503815411485
1.8000000000000012,-0.3083952704984109,-0.3416531448138664,13.248909684433032,6.212957620360287,0.07805946614748827,0.0,-0.6551758585905877,-0.6506737528808734,3.382686960563256,-0.016671669158732506,0.037847164838059014,0.0,437.22948298689363,437.27871890921523,438.54379925967055,438.14184240370304
1.8200000000000012,-0.3216919408012893,-0.35484005431530163,13.31705608518429,6.2125927195976995,0.07876225900966727,0.0,-0.6744911716972551,-0.6680171972626547,3.4319531145626936,-0.0198184070999674,0.0324321213798293,0.0,465.13216089558836,463.8587616091833,463.4419157018,462.6993905653205
1.8400000000000012,-0.33536422481887446,-0.36836362406620554,13.386030033864115,6.212163466445553,0.07944414236812047,0.0,-0.692737230061257,-0.6843397778277375,3.4654417534197104,-0.023106908114679272,0.03575621446548169,0.0,449.4960195553283,450.3038512961526,449.8606613777442,449.0611130258021
1.8600000000000012,-0.34938043261360946,-0.3821945122805319,13.45539020292174,6.211634585584761,0.08013613384742513,0.0,-0.7088835494122415,-0.6987490436048974,3.4705751523427804,-0.02978117796455299,0.033442933464997555,0.0,423.53710610889885,422.94041810369464,423.12707757606404,421.3996254803743
1.8800000000000012,-0.36375200503193095,-0.39634227959540047,13.525237771903152,6.211029355919855,0.08085470728549549,0.0,-0.7282736924199058,-0.7160276878819561,3.5141817457984033,-0.03074178852610298,0.03841441034200275,0.0,458.0388031688407,459.2238320079408,460.1080149069119,459.8795522205072
1.9000000000000012,-0.3785379745066949,-0.4108591880447081,13.596262670938676,6.210491675354248,0.08163822553546396,0.0,-0.7503232550564897,-0.7356631570488062,3.588308157754032,-0.02302626803473641,0.03993741465480218,0.0,487.25241128151436,487.59445467746986,484.9458594777433,486.68123128550127
1.9200000000000013,-0.3936946972483672,-0.42570601837036487,13.667887115710366,6.210055795562484,0.08244839882353006,0.0,-0.7653490191107405,-0.7490198755168656,3.57413631941498,-0.020561711141637334,0.041079914151841534,0.0,402.9512017313947,403.2619454496933,405.0057543180501,405.67015865126996
1.9400000000000013,-0.40918497880734955,-0.4408486835852068,13.739608241876567,6.209665076804933,0.08323343986443543,0.0,-0.7836791367874962,-0.765246645967327,3.597976297205151,-0.018510164613385754,0.03742418993865242,0.0,442.5974512825806,441.69475651404366,441.12909181931764,441.637068176773
1.9600000000000013,-0.42509557344818255,-0.45636250655940375,13.8124266455536,6.209256114117114,0.08388115221335735,0.0,-0.8073803272958046,-0.786135651452367,3.6838640704982524,-0.022386104168589074,0.02734704495356383,0.0,498.4573692409914,496.243602300009,497.5924571491369,496.74057408137327
1.9800000000000013,-0.4414504029314883,-0.47226747866651914,13.886586775813136,6.208868607220108,0.08437032746407791,0.0,-0.8281026210347711,-0.8043615592591717,3.7321489554552145,-0.016364585532109385,0.02157048011848014,0.0,465.6521916831457,464.2946322064707,464.60868612056055,466.02291987505237
2.0000000000000013,-0.45819949008983984,-0.4885191352165365,13.961459454603874,6.20849990295542,0.08480518620915678,0.0,-0.8468060948003847,-0.8208040957425636,3.755118923618634,-0.02050584093678804,0.021915394389368438,0.0,441.87845003822355,441.96375587570134,442.9095960404233,441.88665291026854
2.0200000000000014,-0.4753498683564587,-0.5051235018262236,14.037098689680754,6.208118744429367,0.085259447950631,0.0,-0.8682317318615045,-0.83963256522614,3.8088045840693576,-0.017610011668562763,0.023510779758027865,0.0,471.09393331235924,471.4638744906781,469.4356116135167,470.1093292333011
2.0400000000000014,-0.49287075165036853,-0.5220534855231861,14.113120545164815,6.207658532334893,0.0857233470103278,0.0,-0.8838565975294785,-0.8533658044701192,3.7933809643369414,-0.028411197778674555,0.02287912621161352,0.0,403.7117213397091,403.5408041772063,407.54653191236974,404.6396837030366
2.0600000000000014,-0.5107189421843041,-0.539271226998283,14.188995024948118,6.207170143874773,0.08613945941049117,0.0,-0.9009624558640754,-0.8684083430395694,3.7940670139934713,-0.020427648233307623,0.01873211380469211,0.0,422.2257496816737,421.15103479201855,419.4951744573662,421.56969566459344
2.0800000000000014,-0.5289967764501353,-0.5568670260721701,14.265883361122036,6.206750558275488,0.08650685114303336,0.0,-0.9268209707190442,-0.8911715643491439,3.894766603398374,-0.021530911695335213,0.01800705944953276,0.0,510.96583325444396,510.8106332762647,511.2180932265852,510.98227194014254
2.1000000000000014,-0.5477420903563289,-0.574874611424084,14.344200685008497,6.206243063048175,0.08686179638825475,0.0,-0.9477104199003124,-0.9095869708422541,3.9369657852477493,-0.029218611035882316,0.017487465072636633,0.0,460.6753657351475,460.55200578467975,462.9469412210633,461.12855684721046
2.1200000000000014,-0.5669047343050735,-0.5932505518100488,14.423345895803122,6.205654490452341,0.08720461352887199,0.0,-0.9685539749741495,-0.9280070677542329,3.9775552942148176,-0.0296386485475651,0.01679424898906638,0.0,460.1791105422469,460.014363900386,460.36720919983634,460.2672645489677
2.1400000000000015,-0.5864904901699999,-0.612001084297159,14.503363615853779,6.2050094564843015,0.08752435219261656,0.0,-0.9900216115184842,-0.9470461809567907,4.0242167108509745,-0.034864748256471775,0.015179617385411856,0.0,466.7242230939517,466.3458904200119,466.1419413481715,464.91483158860524
2.1600000000000015,-0.6064967678844048,-0.6311253995756657,14.584204175462544,6.204441238980328,0.08784198538323906,0.0,-1.0106061599220109,-0.9653853468938745,4.059839250025638,-0.02195700214083429,0.016583701676811897,0.0,456.6252241988981,456.9610449863332,454.44776388257225,457.5408987095703
2.1800000000000015,-0.6269082022254573,-0.6506113073753678,14.665673645389607,6.204005696145845,0.08811919478170882,0.0,-1.0305372741832421,-0.9832054330763286,4.0871077426806295,-0.021597281307500927,0.011137238170182223,0.0,449.80280849487457,448.4774275923358,448.7719294152426,448.8595142640788
2.2000000000000015,-0.6477342573528906,-0.6704683479316996,14.747860775502742,6.2035210330877195,0.0884801038081422,0.0,-1.0520682385600855,-1.0024986225568606,4.131605268632831,-0.026869024505125724,0.024953664473198682,0.0,463.5679953366305,466.81379959902966,465.4519679157473,464.2125219173588
2.2200000000000015,-0.6689936252711467,-0.6907140426627837,14.830957075150195,6.20296765708032,0.08900564909206743,0.0,-1.0738685532655279,-1.0220708505515377,4.178024696112523,-0.028468576234850683,0.027600863919316043,0.0,466.0992657338435,466.7196234718719,468.00797465869607,467.6341761846345
2.2400000000000015,-0.6906900917416925,-0.7113523449590414,14.91497839584253,6.20244518496154,0.08960101804809817,0.0,-1.0957780937890553,-1.0417593790742419,4.2241073731209084,-0.023778635643144384,0.03193603168377395,0.0,465.82039450710914,466.83653976578955,467.548298945314,468.6431110405206
2.2600000000000016,-0.7127888969310314,-0.7323521887687897,14.99950626442278,6.20206518139117,0.09019116905638302,0.0,-1.1141024251448395,-1.0582250019005843,4.228679484904098,-0.014221721393856244,0.027079069144669947,0.0,430.4026046291073,429.1679124899549,426.6195362079143,429.0607755787772
2.2800000000000016,-0.7352337246033182,-0.7536627017740111,15.083885680649676,6.201727218062516,0.09068275525704106,0.0,-1.1303803420838252,-1.0728262986215416,4.209262137785419,-0.019574611471550405,0.022079550921107777,0.0,405.5635810716281,404.2142775413581,405.4084141041674,403.9628375750935
2.3000000000000016,-0.7580822996775858,-0.7753350187876691,15.16872293084855,6.2013661496570425,0.0911934130077503,0.0,-1.1544771653429335,-1.094405402744253,4.274462882101864,-0.016532229075778587,0.02898622414978717,0.0,484.26495254098404,485.82111656735873,483.45648253378005,484.143816748723
2.3200000000000016,-0.7813641945660258,-0.7973952070073634,15.254318379325182,6.201056314962724,0.09176528507855863,0.0,-1.173712323501073,-1.1116134192251848,4.28508196556155,-0.014451240356059148,0.02820098293103694,0.0,435.3068707001009,435.1099381382966,435.0154741961603,435.53806399481925
2.3400000000000016,-0.8050894248225557,-0.8198514035767335,15.340747023468484,6.200821068092633,0.09233067449762267,0.0,-1.1988107021519194,-1.1340062377118272,4.357782448768599,-0.009073446652931947,0.028337958975393682,0.0,492.45665734122923,492.4871817353006,489.9634852853825,491.1616933683179
2.3600000000000017,-0.829271403900202,-0.8427145518782703,15.42812517361085,6.2006460533183105,0.09288637684664991,0.0,-1.219387205612709,-1.1523085924418541,4.380032565467913,-0.008428030779298212,0.02723227592734463,0.0,448.27411262031194,448.00466907682187,445.9439135328704,446.102186700495
2.3800000000000017,-0.8538228390722151,-0.8659058141332675,15.515483808788492,6.200411592033774,0.09343306136937635,0.0,-1.2357563115885979,-1.166817633057868,4.355830952296214,-0.015018097674446628,0.02743617634526541,0.0,401.3318567496226,401.38764429401976,402.4026589803347,400.60885483388614
2.4000000000000017,-0.8787456366851796,-0.8894256327104947,15.60281474202533,6.200012132873187,0.09398514987504036,0.0,-1.2565234497078521,-1.1851642246648495,4.37726237138763,-0.02492781838414465,0.027772674221093117,0.0,446.1969360727069,446.2795303800048,447.75465329376027,445.3293333802021
2.4200000000000017,-0.9041652697263781,-0.9133840046679829,15.691421635459216,6.199600151698361,0.09448072731332502,0.0,-1.2854398544119958,-1.2106729710839772,4.4834269720008315,-0.016270299098454365,0.021785069607352957,0.0,520.9338659382474,519.6762696751325,519.0006481821355,520.8205012307861
2.4400000000000017,-0.9300988702925904,-0.9377957571865694,15.781457641639488,6.199218115313492,0.09489216416516744,0.0,-1.3079202022092284,-1.2305022807746788,4.520173646026416,-0.021933339388422384,0.0193586155768866,0.0,461.07014685741785,460.4946129504628,463.2806937760575,461.9429039273238
2.4600000000000017,-0.9564964014551716,-0.9626167498359128,15.872366931947305,6.198771281707582,0.0953146435560317,0.0,-1.3318329140488814,-1.2515969841596575,4.570755384755352,-0.02275002120268366,0.022889323509564227,0.0,474.30997711839893,475.12276439651043,474.2625575402989,474.07433904808187
2.4800000000000018,-0.9833231064925989,-0.9878165192032342,15.963763818950447,6.198225645397631,0.09572845597899082,0.0,-1.3508375896938603,-1.268379952572473,4.568933315558929,-0.03181360979254273,0.018491918786355456,0.0,426.7773579679812,425.64977952907157,427.21790746516,424.892778089511
2.5000000000000018,-1.0105405772608136,-1.0133617108506294,16.05522503309063,6.197586675311793,0.09605930767967497,0.0,-1.3709094871276037,-1.2861392121670572,4.577188098459321,-0.03208339879117002,0.014593251282076173,0.0,436.09947613593914,435.121249983586,436.37895891231005,436.31099758164635
2.520000000000002,-1.0381307718074144,-1.0392372926633853,16.14654574281125,6.196998609310521,0.09632518301141335,0.0,-1.3881099675324902,-1.3014189691085203,4.554882873602323,-0.026723201336094994,0.011994281891734675,0.0,406.68607584905874,405.986913155019,404.25194793884,405.6981069241484
2.540000000000002,-1.066070954052423,-1.0654243835516704,16.2374755184563,6.196485066852974,0.09653177145300429,0.0,-1.405908256968364,-1.317290119719981,4.538094690902747,-0.02463104441862747,0.00866456226737714,0.0,411.50548580257237,410.6200427811449,410.9867546267778,411.5425407449046
2.560000000000002,-1.0944020588703336,-1.0919607256388633,16.328423623181315,6.195987430330305,0.09668566906342146,0.0,-1.427202224822686,-1.3363440889993028,4.556715781598707,-0.025132607848223246,0.0067251987743775395,0.0,445.50207081239364,445.0259172275469,446.2514524885133,446.1285093168768
2.580000000000002,-1.123156785240257,-1.118876868768737,16.41971575995816,6.195540165176867,0.09680984342344257,0.0,-1.44827041216966,-1.3552702239880616,4.572497896085707,-0.019593907495589792,0.005692237227770302,0.0,443.3054279916717,443.05057708510606,442.6619751043363,444.0272790070527
2.600000000000002,-1.152291084979534,-1.1461345554330145,16.510890334083786,6.195132444610451,0.09697433394124211,0.0,-1.4651595617580238,-1.3704984424397073,4.544959516477,-0.021178149145952386,0.01075681455222597,0.0,399.5968832197788,400.97966199627126,400.68006722945495,400.24767477058026
2.620000000000002,-1.1817748247314885,-1.1737077611260651,16.60162883872829,6.194717401365498,0.09719300567782163,0.0,-1.483214413437429,-1.3868221268653533,4.528890947973131,-0.02032617534918238,0.011110359105691678,0.0,412.1549182239024,412.2485465710201,411.69862746971455,411.92471041086054
2.640000000000002,-1.2116730430211071,-1.2016561842251456,16.69258545062821,6.194421520996496,0.09749194793823168,0.0,-1.506607415524437,-1.4080201830426957,4.566770242019181,-0.009261861551105626,0.01878386693531447,0.0,463.34190328802134,465.1482670744806,461.66422832884774,464.2762007277057
2.660000000000002,-1.2419799952077533,-1.229975019076189,16.783688461884616,6.1942112508885785,0.0978912202036053,0.0,-1.524087803140172,-1.4238633020616387,4.54353088362127,-0.011765149240634733,0.021143359602017707,0.0,404.8154038953265,405.451935394427,405.117474096718,404.4416564663125
2.680000000000002,-1.2726935363865717,-1.2586620038958134,16.87489576731583,6.1940225068575145,0.09829890472045033,0.0,-1.5472663147416605,-1.4448351799008219,4.577199659500141,-0.007109253865744236,0.01962509208250902,0.0,460.49212881753755,460.1316215079669,459.14909869114604,460.2561522048355
2.700000000000002,-1.3038790073684126,-1.2877755520760266,16.966849502196794,6.193821648673991,0.09877907247785256,0.0,-1.5712807834424383,-1.4665196381204892,4.618173828596373,-0.012976564486663879,0.028391683657706175,0.0,466.4611711045347,468.51063698882166,467.11583910502225,465.7411352701829
2.720000000000002,-1.3355048959291598,-1.3172863243028465,17.059208609512552,6.193562327916904,0.09935751706283913,0.0,-1.591308072632274,-1.4845575845615175,4.617736902979305,-0.012955511221893964,0.029452774840931537,0.0,428.3075185594545,428.5784550876114,428.69047396565736,428.6959540037154
2.740000000000002,-1.3675513299656188,-1.3471752950709548,17.15174556513147,6.193329748828415,0.09995687147971832,0.0,-1.613335331013633,-1.5043394922493114,4.635958658912503,-0.010302397626925846,0.03048266684695779,0.0,446.15382161289415,446.4063008474345,446.43588926228256,447.0850612518994
2.760000000000002,-1.4000329179645594,-1.3774544213274829,17.24457869393318,6.19322658459744,0.10058560655144966,0.0,-1.6348234688804277,-1.5235731334035014,4.647354221258678,-1.4025470573867174e-05,0.03239084032615815,0.0,439.38385262433746,439.85856393832523,439.6699661723289,442.22022308429945
2.780000000000002,-1.4329566797162008,-1.4081283197861272,17.337747373706105,6.193084851754314,0.1012669368669119,0.0,-1.6575527062836921,-1.5438167124609448,4.669513756033728,-0.014159258842067543,0.035742191220049624,0.0,450.0371558427989,450.8506947946032,452.4451411204125,449.0151615031347
2.800000000000002,-1.4663564911187517,-1.4392250871398835,17.431553054906868,6.192769712963052,0.1020654741000735,0.0,-1.6824284339713895,-1.5658600229146966,4.711054364042573,-0.017354620284143866,0.04411153209610277,0.0,467.6778445323397,469.6301231556506,468.81192721434354,468.0665284041266
2.820000000000002,-1.50023663785997,-1.4707466417962063,17.526001991908096,6.192450616817542,0.10298385471031146,0.0,-1.7055862401504451,-1.5862954427175757,4.7338393360804965,-0.014554994266913472,0.047726528927695244,0.0,451.3043065622503,452.17998788508237,451.67424288874327,452.35126288789866
2.840000000000002,-1.534555927750391,-1.5026547818989109,17.62065383059844,6.192098661548368,0.10392080902318845,0.0,-1.726342748891655,-1.6045185675528753,4.7313445329536075,-0.020640532650553857,0.04596890235996584,0.0,428.5246734553347,428.07762302783374,428.56092338884605,427.00619115288913
2.860000000000002,-1.5693114810383133,-1.5349449107700854,17.71543821296514,6.191601609133354,0.10493171276615598,0.0,-1.7492125799005733,-1.6244943195645938,4.747093703716439,-0.029064708850740584,0.05512147193680257,0.0,444.3402034284835,446.5870439433339,446.8375360664532,444.77224399484476
2.880000000000002,-1.6045714019839568,-1.5676745240773826,17.810959355719323,6.191083049627512,0.10604954632281771,0.0,-1.7767795146637826,-1.6484670111651152,4.805020571701711,-0.022791241733576634,0.05666188372939755,0.0,484.14951875804877,484.4988951351769,482.9066392503718,484.3242180576199
2.900000000000002,-1.640374873307813,-1.6008757085314695,17.907537431029898,6.190649787496021,0.10720527970025806,0.0,-1.8035676177218327,-1.6716514342435924,4.852786959355797,-0.020534971415417307,0.05891145401461075,0.0,476.36112396067057,476.8789288526709,474.4604280332828,474.9798855708881
2.920000000000002,-1.6766872598280036,-1.6345161559535166,18.00479419276133,6.190171916905136,0.10840311307445649,0.0,-1.827671034297228,-1.692393307961121,4.872889213787419,-0.027252087672938095,0.06087188340525317,0.0,451.2946908463833,451.7715891715757,451.51878232652416,449.8899010312466
2.940000000000002,-1.713487995047521,-1.6685756158427887,18.102484628632215,6.1895985986268265,0.10958158558999997,0.0,-1.8524024876545198,-1.7135526809660815,4.896154373301127,-0.03007974015799059,0.056975368149071615,0.0,454.9781353808391,454.04368865978694,454.5109243885909,453.83029166498716
2.960000000000002,-1.7507153901575958,-1.7029995795900323,18.199999706635918,6.189043563801844,0.11075672662388047,0.0,-1.8703370233529386,-1.7288436937582943,4.855353427069191,-0.025423742340185514,0.06053873523894472,0.0,390.2632891641975,391.2627288578377,390.5400763276827,391.84058282706224
2.980000000000002,-1.788386387492278,-1.7378004519477737,18.297440475942572,6.188504224472094,0.1120413660878059,0.0,-1.8967627101152713,-1.7512435420158243,4.88872350359637,-0.028510190634709068,0.06792521115356413,0.0,462.72181761045624,464.46566285961046,464.0355650404263,463.30795284473726
3.000000000000002,-1.8265989260408435,-1.7730590156962684,18.3956355769015,6.1880041791267875,0.11327551883053033,0.0,-1.9244911447412771,-1.774612832833659,4.93078659229651,-0.021494343895931377,0.05549006311891051,0.0,472.90188031422355,470.02232490908165,471.43896738936866,473.06250266804216
3.0200000000000022,-1.8653296450979748,-1.8087532889429052,18.494325501162376,6.187679880961138,0.11445706053516691,0.0,-1.948580760971856,-1.7948144918300302,4.938205833790988,-0.01093547266910765,0.06266410734478708,0.0,439.0374512382723,440.8219099877971,439.6107927539635,442.2281825650419
3.0400000000000023,-1.9046130774619188,-1.8449090928210654,18.59375486170358,6.1875303757421865,0.11568278740818361,0.0,-1.9797624754225398,-1.820765895985979,5.004730220329611,-0.0040150492260273216,0.05990857995687508,0.0,494.2233134118264,493.61598096210815,492.9308145492709,494.46298461010156
3.0600000000000023,-1.9444979290969335,-1.8815634164798218,18.69429449367849,6.187522410537532,0.11691159647612359,0.0,-2.0087226880789224,-1.8446664698896607,5.0492329771613536,0.003218528760746446,0.06297232683707836,0.0,474.57085733849925,475.2782048925379,475.02828986944996,476.6897798712046
3.0800000000000023,-1.9849318571435337,-1.918668881742382,18.795441483812002,6.187643529539237,0.11809668407309815,0.0,-2.034670116581103,-1.86588005636637,5.065466036189969,0.008893371409716112,0.055536432860366906,0.0,451.41422127758875,449.61303188981395,449.22823420068573,450.6067540122317
3.1000000000000023,-2.0258854285579577,-1.9561969279383722,18.896895601142628,6.187897433779455,0.11911385629479199,0.0,-2.0606870248613056,-1.886924563232658,5.079945696872618,0.016497052611984864,0.04618078930897323,0.0,450.2165682519989,447.941608640801,447.64789316815137,449.50046184002815
3.1200000000000023,-2.0673980730700574,-1.9941744572989568,18.99894138388712,6.1882132343757945,0.12012966403401215,0.0,-2.0905774263486423,-1.9108283728257924,5.124632577576954,0.015083007022056385,0.05539998461306678,0.0,475.4797758932082,477.5953415316368,476.6683532471835,476.3439057015114
3.1400000000000023,-2.1094487444129757,-2.032580455468411,19.10136536827254,6.1885242410997385,0.1213209221608249,0.0,-2.1144897079431813,-1.9297714441195797,5.117765860964638,0.016017665372448392,0.06372582806817623,0.0,428.2603166248911,430.3821719275334,428.8323979379878,429.070462149614
3.1600000000000024,-2.1519273217237997,-2.0713240038913527,19.20322029614821,6.188844158186473,0.12248443906484674,0.0,-2.133368023139202,-1.9445833981745833,5.067726926602689,0.01597404330088786,0.0526258623339874,0.0,386.65303801525107,383.5059457469399,383.895814207919,383.88334387405075
3.1800000000000024,-2.1949000998415813,-2.110451335909272,19.305001708558198,6.189134682993995,0.12358466299917747,0.0,-2.1639097886389798,-1.968149803617334,5.110414314396292,0.013078437451254456,0.05739653109911769,0.0,474.44963998113394,475.548969127021,475.11447379436373,474.4477826068706
3.2000000000000024,-2.2384324055079916,-2.15000856744157,19.40720214674637,6.189399889834391,0.12467079345434051,0.0,-2.189320778002057,-1.9875733496124974,5.109629504421233,0.013442246588430544,0.05121651441714631,0.0,436.63310685339087,435.08568931509546,434.4610749137113,434.5524764620434
3.2200000000000024,-2.2824549957158737,-2.1899388117204297,19.50922512637627,6.189619504144947,0.12572258694916627,0.0,-2.212938242786165,-2.005451078273453,5.092668458568601,0.008519184467130982,0.053962835065449515,0.0,418.2008217740852,418.919841962652,420.7324302442819,419.451419101193
3.2400000000000024,-2.326997907761192,-2.2302603330779376,19.61126948987219,6.189764388265026,0.12682552867403007,0.0,-2.2413529617456365,-2.0267010574773283,5.1117678910233435,0.005969227540695239,0.05633133742088866,0.0,452.9640491557127,453.53706438521954,455.08686684342985,454.47390894638437
3.2600000000000025,-2.372142710484791,-2.2710294221582368,19.71393709687663,6.189859031271009,0.12782022478802357,0.0,-2.2731273106143006,-2.050207850552568,5.154992809420836,0.003495073057674772,0.04313827397845894,0.0,477.30815785236763,474.2794504397574,476.77484818813275,476.2072276359403
3.2800000000000025,-2.4179582685481793,-2.312292296459094,19.81772133490642,6.1900224595673095,0.12861502275214942,0.0,-2.308428495724495,-2.076079579533163,5.223430993557967,0.012847756572258364,0.036341522434119415,0.0,499.1905297086818,497.7009990429424,497.3965695303417,499.44738235700936
3.3000000000000025,-2.464459821256195,-2.3540562813223387,19.922701212494086,6.190373127694725,0.12938807946720665,0.0,-2.3417267750770283,-2.100318906791339,5.274556765208541,0.022219056169271112,0.04096414907158091,0.0,483.2545248517258,484.2993674329203,483.8100399772918,485.9223509826096
3.3200000000000025,-2.5115761551049256,-2.396266411598271,20.028294574122533,6.190791927907888,0.1302028331653764,0.0,-2.369906609796066,-2.1206941208018586,5.284779397636071,0.01966096514699554,0.04051122074540443,0.0,447.35501784488815,447.245210464372,448.9131609905084,448.2899063036722
3.3400000000000025,-2.559230849189307,-2.438864273533235,20.133885002249812,6.191169864831611,0.13109037058508566,0.0,-2.3955627986420938,-2.1390920726945453,5.274263415091816,0.018132727225192054,0.04824252122550837,0.0,428.048396457424,430.0189665447219,427.55944137931704,427.1685600273045
3.3600000000000025,-2.60742843656798,-2.481849051695685,20.23947480417728,6.191573066299856,0.1321014527781763,0.0,-2.424195939225155,-2.1593857435505086,5.284716777654958,0.022187419599332233,0.0528656980835806,0.0,448.8707197826216,449.99644924436984,446.7350823900508,447.7259585597853
3.3800000000000026,-2.6561657770025917,-2.5252148378224764,20.34500866648806,6.192007128366836,0.13306789289234455,0.0,-2.4495381042359994,-2.1771928691286564,5.268669453422762,0.021218787098670203,0.043778313333247026,0.0,423.3384224156316,420.98757719485667,423.774647519106,423.5247837636855
3.4000000000000026,-2.7053862588494786,-2.568918748381816,20.4500295672666,6.192415744326809,0.1339872421912931,0.0,-2.472510080452669,-2.1931981868053056,5.233420624431341,0.01964280889873488,0.048156616561607836,0.0,402.90660740600464,404.09394270346644,403.17224132952765,402.7447945226256
3.4200000000000026,-2.755097365367458,-2.6129621532677385,20.554562184713873,6.192776016926121,0.13491472870251098,0.0,-2.498600571345326,-2.2111423017869387,5.219841120295766,0.016384451032417355,0.04459203456016333,0.0,425.7985448410819,424.8840619068567,425.02993502615806,424.1911568843373
3.4400000000000026,-2.8054474097849753,-2.6574406265100605,20.659667304326057,6.193098931874939,0.1356580052060279,0.0,-2.5364038704064105,-2.2367050224452663,5.290670840922288,0.01590704384942199,0.029735615791540673,0.0,504.0321860505015,500.8012021824469,501.0513754582474,500.94710368888997
3.4600000000000026,-2.856498125177614,-2.702391719517168,20.765767313719156,6.193383729995187,0.13628285475775215,0.0,-2.5686676688574233,-2.258404278265498,5.319330098387503,0.012572768175414074,0.032749339380852206,0.0,465.7914494431748,466.4983189580089,465.72722097996893,464.9439499977266
3.4800000000000026,-2.9082188278179397,-2.747791444291638,20.87260669808071,6.193587408012037,0.13694608886679038,0.0,-2.603402595175197,-2.2815681991815056,5.364608337767771,0.007795033509694239,0.03357407152293533,0.0,481.2190763210519,481.4066779743463,481.05306266031664,479.9661700420093
3.5000000000000027,-2.960588343451648,-2.7936231610534716,20.980005303357476,6.193661209092928,0.13770462250497495,0.0,-2.6335489681956465,-2.3016034770018554,5.375252189909031,-0.0004149254206263142,0.042279292295521714,0.0,449.4120129271184,451.5246710000441,450.7341185788515,448.73870296225346
3.5200000000000027,-3.0135700171858857,-2.8398604068949442,21.087668712015944,6.19358884935888,0.13844755716563295,0.0,-2.6646184052281026,-2.3221211071454237,5.39108867593788,-0.006821047984123005,0.032014173770321064,0.0,456.7270124905568,454.26471560864775,455.5803867743326,454.0408657871004
3.5400000000000027,-3.0672055178476407,-2.886527996250202,21.195866239108053,6.193494509615174,0.13915123402524987,0.0,-2.698931660947428,-2.344637828380335,5.428664033272955,-0.0026129263863789425,0.03835351219135211,0.0,475.0251968759163,476.4818910110542,474.02098729328526,474.9904129819532
3.5600000000000027,-3.121427133922322,-2.9335810525660557,21.30408807684506,6.193436674116068,0.13997808780912102,0.0,-2.723229946520692,-2.360667803205041,5.393519740427419,-0.003170623524343983,0.044331866195753925,0.0,404.6656022246926,406.27810570781406,406.71212935061,406.562270389949
3.5800000000000027,-3.1761773348916993,-2.9809810935462084,21.4118956748694,6.193351944614594,0.14103234462028524,0.0,-2.7517901504170283,-2.3793362948102144,5.387240062006794,-0.005302326623050463,0.061093814920635155,0.0,432.8260326341513,437.03964426663373,434.7723255696851,434.23614121075354
3.6000000000000028,-3.231511228263163,-3.0287613215286737,21.519648038377493,6.193200964340921,0.1422185472146582,0.0,-2.7815991867293297,-2.398686503436287,5.387996288802353,-0.009795700744355894,0.05752644451662422,0.0,441.640490241629,440.7594039422585,442.45894374869454,441.3476252139025
3.6200000000000028,-3.287430382737348,-3.076920558814797,21.627320105217343,6.192998121289582,0.14338444303588904,0.0,-2.8103162606891794,-2.417237225176036,5.379210395182501,-0.010488604389490926,0.059063137606443404,0.0,431.6339636670487,432.0253130045723,433.23079561579044,433.0560636675778
3.640000000000003,-3.344052744463328,-3.12553024014109,21.73568707200145,6.1926893211400795,0.144530662719486,0.0,-2.851919911908818,-2.443730907453267,5.457486283228379,-0.02039141056071337,0.055558830753225555,0.0,511.11360567360845,510.36563967716575,511.21693737416115,509.0954838554718
3.660000000000003,-3.4014403195565186,-3.174627170798702,21.84513702639562,6.192309080894406,0.14563934316336002,0.0,-2.8868375974102576,-2.4659621583079008,5.487509156188447,-0.017632614006639367,0.05530921363417008,0.0,469.73471218969036,469.67852693810966,469.63358507437533,470.2752637733649
3.680000000000003,-3.459482181385581,-3.224140766191432,21.9548677474164,6.191790876395366,0.14670235526329645,0.0,-2.917348585496005,-2.4853973809651038,5.485562945889581,-0.03418783589732343,0.050991996359463325,0.0,440.6863912245625,439.616379728793,443.22373858742594,439.1221451871545
3.700000000000003,-3.518085355359448,-3.2740125742591015,22.06421254323559,6.1910662044782505,0.14774388150502027,0.0,-2.942968811890683,-2.501783425801886,5.448916636029595,-0.03827935581419145,0.05316062781288746,0.0,406.4308232466165,407.01556466948705,406.22709313596715,405.12405029148084
3.720000000000003,-3.5772281610065773,-3.3242290290322085,22.17299197552951,6.19031220034579,0.14881699277948712,0.0,-2.9713117528221975,-2.5198620515087855,5.429026593362084,-0.03712105743190026,0.054150499633769535,0.0,423.1988115768996,423.4564080549132,422.51070613976475,422.80946452325514
3.740000000000003,-3.637025708076406,-3.374861538948059,22.281941122359196,6.1896456674214235,0.1499138802040969,0.0,-3.0084429541606768,-2.5433889400762695,5.465888089606654,-0.029532235004623937,0.0555382428272415,0.0,474.67821935461234,474.99939561299743,476.7960585893867,478.5320099783451
3.760000000000003,-3.697539018979382,-3.4259479094318546,22.391429863596542,6.1890206680264015,0.15103597070808572,0.0,-3.0428881361369595,-2.565248108303296,5.482986034127878,-0.032967704497475644,0.056670807571663734,0.0,457.5708160489668,457.84325874377157,460.61206079639476,459.7958805180788
3.780000000000003,-3.7587285539277113,-3.477463451428089,22.501158250779937,6.188386628185331,0.152140992127606,0.0,-3.076065358695963,-2.5863060913201155,5.489852684211664,-0.030436279609655722,0.053831334380337784,0.0,450.4469897439534,449.75960204140534,449.19013804909173,449.8052910883908
3.800000000000003,-3.820579589015317,-3.5293987591642697,22.61099238424239,6.187796650525321,0.15325545456321255,0.0,-3.109038150064631,-2.607224682297967,5.493560662033767,-0.02856148639141833,0.057614909180305145,0.0,446.2903597087501,447.21795232079353,447.16231064417747,447.620050479211
3.820000000000003,-3.88307388406488,-3.581742228080251,22.720778172011375,6.187199463126856,0.15445103638395352,0.0,-3.140391354891665,-2.627122209300128,5.48501811486441,-0.03115725345516456,0.06194327289380938,0.0,434.98015350154446,436.0688165000704,435.9087955581042,435.25717428662773
3.840000000000003,-3.946161353961655,-3.6344624995195387,22.83015833765251,6.186584127538566,0.15569757681682717,0.0,-3.1683556347858848,-2.6449049346286655,5.452998449248774,-0.030376305373873827,0.06271077039355492,0.0,413.0814939003244,413.28760662542743,411.1390451487442,411.3461992889036
3.860000000000003,-4.009823866696447,-3.68754783786074,22.938981323089145,6.185933982695614,0.15703047512315838,0.0,-3.1978956386932667,-2.6636288994914765,5.429300094414866,-0.034638178921332884,0.07057906023956856,0.0,418.8990224431322,420.950226550389,421.5684052178076,420.4615607222602
3.880000000000003,-4.074124366125323,-3.7410362782639184,23.047608729827875,6.185308796951524,0.15848651744193276,0.0,-3.232154304194356,-2.6852151408263794,5.433440579458153,-0.02788039548758343,0.07502517163790312,0.0,447.2390985324064,448.3281525873594,446.45172389072917,448.10265895660666
3.900000000000003,-4.139153245462683,-3.7949823030202805,23.156565969340004,6.184714542381906,0.15998112970374834,0.0,-3.270733629541659,-2.709387334809825,5.46228337175498,-0.03154506147425123,0.07443605454369097,0.0,470.5615639500631,470.42877727315965,471.0340830132776,470.1827946513835
3.920000000000003,-4.2049245494631595,-3.8493932624785914,23.26589550903895,6.18401998000709,0.1615261695091732,0.0,-3.3063967705059025,-2.7317086110212467,5.47067059813927,-0.03791117600746325,0.08006792599875735,0.0,452.3334019955897,453.69647022678663,452.37065420837286,450.82949520188424
3.940000000000003,-4.271312875476364,-3.9041916391352474,23.374781821566778,6.183313385854596,0.16310668857941124,0.0,-3.3324358308145507,-2.7481290546443287,5.417960654643873,-0.03274823924181952,0.07798398102501544,0.0,390.59448143249233,390.01697223868,391.5603395862451,392.9981126015982
3.960000000000003,-4.338269330117659,-3.9593467325969,23.482882734273744,6.182647807761487,0.16464677924464333,0.0,-3.363209633314854,-2.7673802915209604,5.392130616052483,-0.033809570069197575,0.07602508549819954,0.0,419.1309138098056,418.62498571315155,419.1986862030401,418.92137237865893
3.980000000000003,-4.40587534054169,-4.014906961336147,23.59065147889041,6.181903419952473,0.16612694496107316,0.0,-3.3973914090882698,-2.7886425824037198,5.384743845614263,-0.04062921083218636,0.0719914861448262,0.0,437.65015411954556,436.646255409179,437.9951279809321,436.28944281982615
4.000000000000003,-4.474222228632789,-4.070926630113844,23.69859145727374,6.180986729460361,0.16754085781490424,0.0,-3.437297400021663,-2.813324295365952,5.4092539927188295,-0.05103983837906423,0.06939979923831657,0.0,465.6682454701144,465.06326896501224,470.2158506396709,467.78888263317486
4.020000000000002,-4.543362233197426,-4.127436978664922,23.806969539470344,6.179902930001477,0.16882131006510903,0.0,-3.4767030564419437,-2.837710559741838,5.428554226941868,-0.0573401075093874,0.05864542578216512,0.0,464.7039269359685,462.17093615606564,463.1794883176401,461.68879004694156
4.040000000000002,-4.613262737200727,-4.1844189135414975,23.915551948380536,6.178733858232061,0.17002174226661104,0.0,-3.5133473438881633,-2.8604829279157213,5.429686664077343,-0.05956706943219551,0.061397794368021896,0.0,445.75791183300964,446.4346888717165,447.0619856743486,446.51493155892643
4.060000000000001,-4.6839420579285145,-4.241884944560274,24.024404899871556,6.177558557404465,0.17128976974321386,0.0,-3.5545847288906076,-2.8861201739618805,5.45560848502457,-0.057963013327366544,0.06540495329224004,0.0,468.9580868875078,469.8935950743114,469.69850130874323,470.0693444520514
4.080000000000001,-4.755398800748503,-4.299835648828469,24.133483451237662,6.176406146158126,0.17250909835202322,0.0,-3.591089553108216,-2.90895025285763,5.452246651585968,-0.05727811130667155,0.056527907588669775,0.0,443.73127451352855,441.5423524035159,443.1924726601175,443.35902380259114
4.1000000000000005,-4.827556081201767,-4.358225542314137,24.24230811868445,6.17521444389531,0.17367689470247338,0.0,-3.6246384922181587,-2.930039095709073,5.430220093092728,-0.06189211497494079,0.06025172745630579,0.0,423.9820155718334,424.94330954239445,425.9394535374346,424.7513154891983
4.12,-4.900422753967349,-4.4170615115540075,24.350893829185456,6.173904921371346,0.17492604195259087,0.0,-3.6620287843401194,-2.9535578282779467,5.42835095700822,-0.06906013742157867,0.064662997555474,0.0,444.1634931282798,445.2503056679576,445.3475046053514,443.58196572142305
4.14,-4.973999364417843,-4.47634539261398,24.45921081616274,6.172530482707364,0.17622662356843666,0.0,-3.695632260709268,-2.9748302777192355,5.403347740720309,-0.06838372897658035,0.06539516402907103,0.0,421.63941838183575,421.83249943955224,422.4790027822469,422.6500921010589
4.159999999999999,-5.048295870893532,-4.536085210799086,24.56727759088798,6.171111574916541,0.17751035778400048,0.0,-3.7340183868597157,-2.999151540791334,5.4033297318036455,-0.07350705010570147,0.06297825752731365,0.0,446.86581945555463,446.27738268505954,447.2091496595992,445.9516725966147
4.179999999999999,-5.123331174018001,-4.5962944745773715,24.67516499028472,6.16957554669035,0.17874071496733634,0.0,-3.7695119255872394,-3.021774837037283,5.3854102078703505,-0.08009577251337319,0.06005746080626367,0.0,429.7372785363946,428.99674016715346,430.4332414461203,428.7523900587489
4.199999999999998,-5.19915924792038,-4.657009408462862,24.78313295970129,6.168072231576424,0.17988232146060934,0.0,-3.813295464650625,-3.0497185515117953,5.4113867337865145,-0.0702357388790891,0.05410318852105634,0.0,472.01680338530775,470.63831269746197,469.5813503662945,471.8660899336715
4.219999999999998,-5.275775710674775,-4.718229631648907,24.89112466072185,6.166646273303391,0.1809819910251491,0.0,-3.8483508107888897,-3.072303767092772,5.387783368269453,-0.072360088424228,0.05586376793294689,0.0,423.57665543759845,424.032839461841,425.4614072404811,424.91127138226693
4.2399999999999975,-5.3531670688078234,-4.779949525490321,24.999029490814113,6.165283331646009,0.182148702145164,0.0,-3.8907850025158743,-3.0996856170485296,5.402699640956924,-0.06393407731387543,0.06080734406857437,0.0,461.07926654132785,462.25168583693494,460.3599215310671,462.3523564543804
4.259999999999997,-5.431390485081759,-4.842207561043657,25.107124529356742,6.164049136891011,0.183276197109695,0.0,-3.931556624877659,-3.126117938285123,5.4068042133061205,-0.05948539818591022,0.05194215238456,0.0,453.3611925193648,451.22131562649184,450.94250584901806,452.0166307131715
4.279999999999997,-5.510424713304275,-4.904992134877764,25.215259597578733,6.162936418041092,0.1843271987018591,0.0,-3.971866197373886,-3.1523394451255196,5.4067026088932,-0.05178648680592225,0.05315800683188871,0.0,448.6536129875565,448.9514437237796,446.7252068655138,448.60257457760963
4.299999999999996,-5.590298978009209,-4.968323609754399,25.323556604892104,6.161962530417345,0.1854472063894912,0.0,-4.015560273119551,-3.1808080425379246,5.422998122444071,-0.04560227556883866,0.05884276193129628,0.0,463.0362331990847,464.3779495596208,463.2184174048711,464.67378597444105
4.319999999999996,-5.670932333384888,-5.03215084983885,25.431554192450346,6.161040186837724,0.18663394576943837,0.0,-4.047775264448327,-3.2019159659071965,5.376760633379833,-0.04663208239326945,0.05983117606338638,0.0,403.0968480241967,403.3675973042466,402.48295281731265,402.2017200306955
4.339999999999995,-5.752256913744399,-5.0964306382190605,25.538859181219685,6.1600766351012695,0.18783106964386231,0.0,-4.08468277150274,-3.2260628721139013,5.353738243554222,-0.04972309125207748,0.05988121137897445,0.0,426.8670561004309,426.88255213816456,426.249005660669,425.4542111021095
4.359999999999995,-5.834428064730843,-5.161263601483959,25.646253691902245,6.159108589764838,0.1891188814057152,0.0,-4.132432327141641,-3.257233454375908,5.385712824701906,-0.04708144239096209,0.06889996480630897,0.0,478.07493334735966,480.1346999339992,477.0839604552669,477.6874342761376
4.379999999999995,-5.917456267437327,-5.226656802094176,25.75375915424993,6.1581158167945915,0.1904779491632569,0.0,-4.170387943506836,-3.2820866066458643,5.364833410066637,-0.052195854633575255,0.06700681094787737,0.0,429.3076674076323,428.82915250224505,430.0069652111528,428.7035001857016
4.399999999999994,-6.001152253319725,-5.2924880374868595,25.86035942712569,6.157086019543964,0.19174752043517795,0.0,-4.199210644732899,-3.3010369326224476,5.29519387750926,-0.0507838704292744,0.05995031624422493,0.0,378.8981408435671,376.8610397824297,377.24193616064576,377.6485754927571
4.419999999999994,-6.085472732528199,-5.358729526670101,25.96579888844736,6.156149404259118,0.19295668460362947,0.0,-4.232837276114502,-3.3231119857016793,5.248752254657523,-0.04287765805535501,0.06096610060090525,0.0,401.71223856368334,401.9915008970063,401.9528696485932,404.0953024665994
4.439999999999993,-6.1705837886771775,-5.42548914734386,26.070894113026192,6.155252977979982,0.1941637809094665,0.0,-4.278268338783361,-3.3528500816741893,5.260770203225501,-0.046764969858244916,0.05974352998283759,0.0,459.910676447606,459.62253633022425,460.8644353808853,459.94061235992297
4.459999999999993,-6.2565857956760516,-5.492832139691528,26.176122096980663,6.1543491485783015,0.19538909236558322,0.0,-4.321932361104039,-3.381449153092641,5.262028192221627,-0.043617970309761535,0.06278761562883865,0.0,450.69638881922424,451.4365028825838,449.4017714953861,450.16527139771625
4.479999999999992,-6.343512322529254,-5.5607804294344865,26.281614049425503,6.153407768540552,0.19664009850338715,0.0,-4.3707203242161565,-3.413379821203257,5.287167052262461,-0.050520033465290846,0.062312998151514656,0.0,472.98128437883923,472.874181625477,473.5901940142453,471.9935959583973
4.499999999999992,-6.431375366030036,-5.629341946583655,26.3873936807618,6.152277012373229,0.19783508745584832,0.0,-4.415584025862021,-3.442771893713564,5.290796081367278,-0.06255558326699584,0.057185897094643584,0.0,454.6392870111315,453.4076585430242,454.64004742712626,451.73561704691724
4.519999999999992,-6.520197564225965,-5.698532103266831,26.493534109170685,6.151057691164553,0.19905167067647245,0.0,-4.4666357937309105,-3.476243774603968,5.323246759521164,-0.05937653760075524,0.06447242496776975,0.0,479.6818634823625,481.34131501671294,479.88131130216277,480.60235436416025
4.539999999999991,-6.6099398677296355,-5.768326522670551,26.599807662655195,6.149857392773418,0.20032395109203804,0.0,-4.507594556636116,-3.5031981657680684,5.304108588929922,-0.06065330151268718,0.06275561658876451,0.0,433.3501386540698,432.92004327449496,432.51072893845196,432.1853515165064
4.559999999999991,-6.700570362129146,-5.8387056559845325,26.70601828522043,6.148660417071476,0.20147866938079328,0.0,-4.5554548833149635,-3.5347151656301103,5.316953667593438,-0.05904426868153023,0.052716212286791145,0.0,464.8982474035928,462.53448617769317,462.93727424210647,463.3145804828641
4.57999999999999,-6.792098171293286,-5.9096764858360205,26.81217719255605,6.147481720432962,0.20260887355062085,0.0,-4.597326033099046,-3.562367819518664,5.298937065968272,-0.05882539516978046,0.06030420469599909,0.0,433.3044386077635,435.2162959385048,434.6715395376215,434.724052967995
4.59999999999999,-6.884598824136654,-5.981290100536739,26.91861292846738,6.1464266208048635,0.20376523121914225,0.0,-4.6527392512376435,-3.5989936505531688,5.344636525164566,-0.046684567640051536,0.05533156215615738,0.0,493.60214801363026,492.501970835243,492.5166023352464,495.2016006389703
4.6199999999999894,-6.978078795749773,-6.053551624908256,27.02532444426424,6.145552421288144,0.20488962442169711,0.0,-4.695257910074272,-3.6271587865985486,5.326515054521696,-0.04073538403188846,0.05710775809930684,0.0,435.1009752782638,435.5490998252842,434.80339720868517,436.2950969685155
4.639999999999989,-7.072417939943699,-6.126382302505708,27.131699546510845,6.144667965615543,0.2061145577983705,0.0,-4.738656509318373,-3.6559089731466505,5.31099517013901,-0.04771018322809254,0.06538557956800707,0.0,436.86050935124456,438.92912001001355,439.1882736061216,437.4480078446715
4.659999999999989,-7.167642802371143,-6.1997996454382545,27.23783139946338,6.14363547542948,0.20748903964633847,0.0,-4.7838297334260105,-3.6858253201079085,5.302190125114378,-0.055538835378223,0.07206260522881701,0.0,443.9355355440764,445.57968549659904,445.7929158505605,443.86782413060877
4.679999999999988,-7.263811340697684,-6.273841904487445,27.343957689488004,6.142459929160996,0.2089741218250447,0.0,-4.833024099228156,-3.7184005848110675,5.310438877347752,-0.062015791470225345,0.07644561264181882,0.0,460.2980047334836,461.3414480961549,462.3902017877483,460.8545980782892
4.699999999999988,-7.360919498301609,-6.3485065453220715,27.450021453677927,6.141180918382011,0.210561987561511,0.0,-4.877791661164304,-3.7480634986515278,5.295937541644616,-0.06588528642829365,0.08234096100483067,0.0,439.7517607814027,441.2193833234913,440.09685927157875,439.131918671459
4.719999999999987,-7.458921368320938,-6.423763531539595,27.555767663049995,6.139751074479612,0.21215295830498793,0.0,-4.922395340768718,-3.7776351231008034,5.278683395562206,-0.07709910381156986,0.07675611334288847,0.0,437.9607875538898,436.57030360872017,439.3328555892733,436.53058819718734
4.739999999999987,-7.557834467768779,-6.49962506506398,27.661237059914974,6.138130118684581,0.21374807195341994,0.0,-4.968914604015395,-3.808518229337793,5.268256290935716,-0.08499647569159567,0.08275525150034335,0.0,443.4739623687963,444.9548308828827,445.7138869340536,443.7681809526307
4.7599999999999865,-7.657822519038273,-6.576201263211311,27.767136591053735,6.136439239998342,0.2153955913790364,0.0,-5.02989052293399,-3.8491015853953003,5.32169682294039,-0.0840913929321819,0.08199669106128316,0.0,502.01820595104346,501.85773072930243,503.55627600929705,503.74769837647744
4.779999999999986,-7.75884966810429,-6.653469662791408,27.873263243967955,6.134781058235719,0.2170257111333882,0.0,-5.072824383667593,-3.8777383726144428,5.290968468481706,-0.0817267833301794,0.08101528437389885,0.0,426.01279802736406,425.7666767705038,425.6568308615497,426.2575262072722
4.799999999999986,-7.860825662252818,-6.731371887538374,27.979160820058887,6.133234979458621,0.21864326572347892,0.0,-5.124775031185205,-3.9124841020821632,5.298789140611639,-0.07288109437962957,0.08074017463514363,0.0,463.514763210426,463.4548839886902,462.16254040134964,464.244825461434
4.819999999999985,-7.9638438294250715,-6.8099717605328625,28.085207014963725,6.131845335702863,0.2202574189629063,0.0,-5.1770416860401145,-3.9475031973667614,5.305830349872232,-0.06608328119621766,0.08067514930756944,0.0,462.5446652633829,462.53427368362605,463.04388188446825,464.6419424249965
4.839999999999985,-8.067904452142733,-6.889270383246133,28.19135962563962,6.130500617138011,0.22196368335452732,0.0,-5.229020585726052,-3.9823590739603016,5.309430717717051,-0.06838857528894791,0.08995128985455639,0.0,459.9007217456624,462.1051471842744,460.3539636606808,459.80318769950446
4.859999999999984,-8.173016195834395,-6.9692739908080545,28.297612635088477,6.129173141056977,0.22372380367085487,0.0,-5.282153783440141,-4.018001682231819,5.315870227168543,-0.06435903281433691,0.08606074177821976,0.0,463.78511164902505,462.87366891369294,463.64336296223956,464.58907804917027
4.879999999999984,-8.27916008955528,-7.049969859883189,28.40383911661283,6.127888534976011,0.22545392725365954,0.0,-5.3322355886483495,-4.051585225281608,5.306777925266425,-0.06410157528235802,0.08695161650224452,0.0,449.4741653296506,449.69677544270974,449.63980143271664,449.6994061855845
4.8999999999999835,-8.386287396304363,-7.131325037522913,28.509784014711986,6.126630530536088,0.227272633618969,0.0,-5.3804950862600425,-4.083932538690885,5.287711884649145,-0.06169886870991759,0.0949190200286925,0.0,438.97611363832124,440.96194171366346,440.4098988591463,441.00280924387744
4.919999999999983,-8.494351995714469,-7.213308129328418,28.615207410363876,6.125387482974784,0.22915073043686274,0.0,-5.425964854750511,-4.1143766418595655,5.254627680539638,-0.06260588742054164,0.09289066176064839,0.0,427.4940753123724,426.98315875091754,426.15334114531686,425.9177124341299
4.939999999999983,-8.603350794158041,-7.295916509527665,28.72005393765983,6.124132001337447,0.2311199370734629,0.0,-5.473914989606672,-4.146461378065154,5.230025049055906,-0.062942276313224,0.10403000189936906,0.0,433.84211046891573,436.64720520125474,435.2816320007083,435.1942273650549
4.959999999999982,-8.713299058627884,-7.37915977009263,28.82434687421335,6.122863189262013,0.23317769648727182,0.0,-5.520911457377563,-4.177864678431364,5.199268606296281,-0.06393893123021996,0.10174593948152436,0.0,429.5721171238835,429.0003609903761,429.46241510871215,429.2056399474813
4.979999999999982,-8.824250633352653,-7.463073238494266,28.928266625084525,6.121621858802953,0.23535602774196995,0.0,-5.574246015099272,-4.213482161732258,5.192706480820942,-0.060194114675766484,0.11608718598830861,0.0,451.1561382468028,454.62625128826653,453.08246998436886,453.98213591500974
4.999999999999981,-8.936223099527009,-7.547667629097024,29.03184204832961,6.120399602458178,0.23769410184742235,0.0,-5.62300060233643,-4.24595689854358,5.164835843687618,-0.0620315198017998,0.11772022455692613,0.0,433.22196000131703,433.64623639446006,432.5560932579298,432.08884045053213
5.019999999999981,-9.049268147923206,-7.632975899657851,29.135233689784158,6.119157527444031,0.239989734599515,0.0,-5.681504237283259,-4.284870157539191,5.174328301767036,-0.06217598161299752,0.11184305065233474,0.0,469.4484282703351,468.0896419852401,469.34303777733993,469.3068512299098
