time,x,y,z,phi,theta,psi,x_velocity,y_velocity,z_velocity,phi_velocity,theta_velocity,psi_velocity,rotor_speed1,rotor_speed2,rotor_speed3,rotor_speed4
0.02,0.0,0.0,10.000326321100157,1.3708833695780243e-05,6.283081845375683,0.0,0.0,0.0,0.0326321100157885,0.0013708833696051436,-0.010346180390311344,0.0,438.1140021152474,435.5261607923582,435.464182138903,435.8080066584881
0.04,2.2387441934828218e-07,2.966367352364031e-08,10.00118079971289,6.283169445508484,6.282827401907454,0.0,2.2387441934828218e-05,2.966367352364031e-06,0.05281575125737867,-0.004327933849368665,-0.01509816643264766,0.0,424.4422589866871,423.21735273168713,425.3022499457437,423.8356674756252
0.06,1.609552826086552e-06,4.7423793508416914e-08,10.002895723041295,6.283106234675298,6.282598487337829,0.0,0.00011618039873899876,-1.190355353886371e-06,0.1186765815832335,-0.0019931494693400686,-0.007793290530018955,0.0,466.57392325505106,468.2815351949638,465.9624543797675,466.50968093209246
0.08,5.247430713481397e-06,-1.534778744857843e-07,10.00554690247264,6.283072401930202,6.282558432703215,0.0,0.00024760739000048574,-1.889981144553375e-05,0.14644136155124216,-0.0013901250402565844,0.003787827068569876,0.0,429.4302234389943,432.36689820310596,432.1854739529357,432.33793944620646
0.1,1.1437525825732376e-05,-7.544385867763379e-07,10.008488522581962,6.283110418681824,6.28255254306773,0.0,0.0003714021212246122,-4.11962597835216e-05,0.14772064938094223,0.00519180020247513,-0.004376790617190899,0.0,405.91324711110417,403.7094990628312,404.8403216049649,406.61284357512545
0.12000000000000001,2.022093110163287e-05,-1.7387728526870303e-06,10.011622907576546,7.966178895557618e-05,6.282399995666427,0.0,0.0005069384063654371,-5.723716680754764e-05,0.1657178500775327,0.010263228469265875,-0.01087794951313127,0.0,423.20779167068105,421.5261060671963,421.1244437480925,422.4380882959793
0.14,3.223091473761116e-05,-2.6937005869616915e-06,10.015358033359833,0.0003219697794749621,6.282081976129447,0.0,0.0006940599572323917,-3.825560661991849e-05,0.20779472825110068,0.01396757058266013,-0.020924004184998173,0.0,446.32621965082734,443.86025099524204,444.7920426050477,445.7009426252597
0.16,4.8745624885416654e-05,-2.6903118633185045e-06,10.019938800632424,0.0006625424930071233,6.281531999947376,0.0,0.0009574110575481577,3.8594478984237165e-05,0.2502819990079915,0.020089700770585726,-0.03407361402222285,0.0,446.65950238780823,443.4312054477062,445.34005598082877,446.8394428374173
0.18,7.23459723929237e-05,-1.34288823233449e-07,10.02567529924592,0.001064711188271339,6.280865607144364,0.0,0.0014026236932025461,0.00021700782502426838,0.32336786234164183,0.020127168755846137,-0.03256566627912153,0.0,472.7218901444958,473.06989710055376,473.6628444729317,473.67143345477376
0.19999999999999998,0.00010577522693742322,6.67373377326648e-06,10.032498529417952,0.0014615875306791537,6.280250325035588,0.0,0.001940301761247406,0.00046379443462572453,0.3589551548615069,0.019560465484905885,-0.02896254459825056,0.0,438.52216571212733,439.4185854100568,439.38808366571726,439.24711906330697
0.21999999999999997,0.0001516884961218572,1.948893399295008e-05,10.04013718370475,0.0019055341664095948,6.279584438369302,0.0,0.0026510251571959923,0.0008177255873426351,0.40491027381833933,0.024834198088166885,-0.03762612203038698,0.0,449.78572601751966,447.6759811214188,448.38017874192974,449.66341600962136
0.23999999999999996,0.0002133227038940326,4.040169005195999e-05,10.048665494704606,0.002365115087043179,6.278886582104455,0.0,0.0035123956200215495,0.001273550018558357,0.4479208261671106,0.021123893975227587,-0.03215950445436579,0.0,446.2009922459176,447.5369540794261,445.9345352294561,445.02460473676945
0.25999999999999995,0.00029482060201059334,7.20622809916643e-05,10.058278942114928,0.002794478298601355,6.278160588545788,0.0,0.004637394191634524,0.0018925090754120751,0.5134239148651096,0.02181242718060658,-0.040439851412435834,0.0,467.69220386100017,465.7533926768461,466.5968262080261,466.7580046295781
0.27999999999999997,0.00040094399533526594,0.00011735113898223167,10.069247333394914,0.0033109682952305874,6.277398932246072,0.0,0.005974945140832737,0.0026363767236446596,0.5834152131334353,0.0298365724823505,-0.03572577855900472,0.0,469.9103825652345,471.0044715665475,470.0901379902103,471.95149077288124
0.3,0.0005352881292747682,0.00017857303124448114,10.081519149685679,0.0038372192227642543,6.276697214777798,0.0,0.007459468253117493,0.0034858125025802886,0.6437664159431031,0.022788520270973417,-0.03444596826847893,0.0,461.5210120924456,461.82339159719186,463.5920661455923,461.92816865827916
0.32,0.0007000499913325815,0.0002574991155704667,10.094832599858854,0.004303971531197881,6.275964671390433,0.0,0.009016717952663827,0.0044067959300182705,0.6875786013744485,0.02388671057237723,-0.038808370468022844,0.0,447.6093809538978,446.542731476205,447.11115201602314,447.37947918375596
0.34,0.0008950014915189623,0.00035434766331245805,10.108646484713734,0.004782012876285435,6.275224361709036,0.0,0.010478432065974258,0.005278058844180861,0.6938098841135099,0.023917423936399427,-0.03522259767167775,0.0,410.10514061439926,411.05851485935926,410.9927566622794,411.0010405049635
0.36000000000000004,0.0011239600883280174,0.0004715558356297439,10.122996251738947,0.00515333665530715,6.274510950126992,0.0,0.012417427614931248,0.006442758387547725,0.7411668184076424,0.013214953965782124,-0.03611856053274979,0.0,450.7245348645417,450.5067642181652,451.70133362022426,449.10504972977884
0.38000000000000006,0.0013952415067733641,0.0006140348206925678,10.138501259307404,0.005454353735903084,6.273734993012379,0.0,0.014710714229603416,0.007805140118734666,0.8093339384381514,0.016886754093773375,-0.04147715092845536,0.0,470.3967694711043,469.1499032141375,468.57405370423163,469.4293572600015
0.4000000000000001,0.0017137189321780367,0.0007841409556690352,10.155293289991917,0.00580530866336737,6.272823658339554,0.0,0.017137028310863833,0.009205473378912078,0.8698691300131339,0.018208738652653326,-0.04965631635408394,0.0,464.6240991953113,462.69577198811635,461.52894661091045,461.84172235407954
0.4200000000000001,0.0020827546214590713,0.0009829822392707567,10.173266303087601,0.006106512477092707,6.271816892219748,0.0,0.019766540617239644,0.010678654981260062,0.9274321795552148,0.011911642719910964,-0.05102029562650381,0.0,459.5514857668344,459.22560747400485,461.53499443337574,460.0417027860007
0.4400000000000001,0.0025057895105643382,0.0012114358655516092,10.192289763933234,0.006361787051354817,6.270806332858946,0.0,0.022536948293287083,0.012166707646825191,0.9749139050079998,0.013615814706307745,-0.050035640453662676,0.0,449.34169249260634,449.5794377025987,452.29480107272514,452.70618581922906
0.46000000000000013,0.0029822597493106774,0.001467993130847698,10.211904560863942,0.0065339530328287765,6.269822610822434,0.0,0.025110075581346827,0.013489018882783694,0.9865657880629026,0.003600783441130828,-0.048336563197454885,0.0,415.9767838177233,416.42109104251415,418.5662170352514,415.94346318737337
0.48000000000000015,0.0035200612874927498,0.001755179771014721,10.232337844072992,0.006655248485805565,6.26881200452787,0.0,0.02867007823686043,0.015229645133918598,1.0567625328421506,0.008528761856586024,-0.052724066258904974,0.0,472.032717225568,471.0147139824864,471.04443604301093,472.1861064669977
0.5000000000000001,0.004131329143876221,0.0020773045845711253,10.25414539976539,0.006855823537047279,6.267728037630075,0.0,0.03245670740148675,0.016982836221721812,1.123993036397486,0.01152874326754743,-0.05567262352069512,0.0,469.043229154151,468.35417906862034,469.10486089057906,469.80299262419595
0.5200000000000001,0.004815556131205686,0.002432524879039057,10.276933405528814,0.007126710853613716,6.266651329732351,0.0,0.035965991331459723,0.018539193225071346,1.1548075399449018,0.015559988389092488,-0.05199816625164745,0.0,434.8840591087283,435.80415132274004,435.62680613343036,436.63666906491005
0.5400000000000001,0.0055747815305000545,0.0028205077734728364,10.300480902081555,0.007560547593556954,6.265591591757433,0.0,0.039956548597977114,0.02025909621830658,1.1999421153291456,0.027823685605194,-0.053975631240184015,0.0,449.48888020309187,449.006195112997,447.79292115581956,450.77540698498075
0.5600000000000002,0.006407622049937804,0.0032401741927771534,10.324433582143918,0.008108202673461129,6.264577367319664,0.0,0.04332750334579778,0.021707545712125124,1.195325890907171,0.026941822385182917,-0.04744681253685539,0.0,399.97308249325914,401.750467165092,400.62962053086306,400.3893172643538
0.5800000000000002,0.007325626401226478,0.0036967431268941195,10.349142976429697,0.008652048526139211,6.263635030488686,0.0,0.04847293178306964,0.0239493476995715,1.2756135376706064,0.027442762882613915,-0.04678687056092312,0.0,481.15502973542397,481.30370502206426,480.3161801317779,480.43023304659897
0.6000000000000002,0.008351367372897123,0.004200634908472985,10.37557175126604,0.009231238916235895,6.262639358007759,0.0,0.05410116538399473,0.02643983045831506,1.3672639459637628,0.030476276127032895,-0.05278037753184501,0.0,490.55095966149196,489.2130254235749,491.1885320189924,491.8629989003965
0.6200000000000002,0.009480849454758222,0.004750751819878377,10.4032646396197,0.00987908235568824,6.261554716257667,0.0,0.05884704280211513,0.028571860682224143,1.402024889402156,0.0343080678182093,-0.05568379747726177,0.0,440.916449217179,440.194475227361,439.1310213015768,440.0837762540399
0.6400000000000002,0.010711191765360136,0.005346574939298659,10.431811594238795,0.010535805979409396,6.260493469103919,0.0,0.06418718825807627,0.031010451259804065,1.4526705725073534,0.03136429455391513,-0.050440917897497176,0.0,454.92549040283404,456.1810389177073,454.68228905096595,453.9747490750546
0.6600000000000003,0.01203844757139266,0.005986983661599468,10.460820282871145,0.011178146714312831,6.259502100902235,0.0,0.06853839234517609,0.033030420970276905,1.4481982907275102,0.03286977893642148,-0.048695902270736745,0.0,400.7674505339591,401.24104461567936,401.89057069680365,402.3001521192357
0.6800000000000003,0.013467569198495073,0.006675129749237033,10.49028578752448,0.011808362680897133,6.258558047743417,0.0,0.07437377036506522,0.03578418779347951,1.4983521746057862,0.030151817722025437,-0.045709413611023375,0.0,453.88757898367675,454.6045800261596,455.3300736629491,454.6777399743245
0.7000000000000003,0.015005295666663445,0.007414904179487148,10.520330997721135,0.01245186230731754,6.257682959203738,0.0,0.079398876451772,0.038193255231532046,1.5061688450597228,0.034198144920015466,-0.04179944035684327,0.0,413.19875568220436,414.2300754169949,414.2151494141378,415.2815745282597
0.7200000000000003,0.016657133313163267,0.008209944262559367,10.550996021694989,0.013022192925319587,6.256876951393563,0.0,0.08578488819821006,0.04131075307568979,1.5603335523255604,0.022834916880179898,-0.03880134066063295,0.0,457.24908791448325,457.96410990300194,460.63891127205125,457.9358989604416
0.7400000000000003,0.018433561358679365,0.009066214476131838,10.582548709327178,0.013477177504198856,6.256209915569368,0.0,0.09185791635339954,0.04431626828155738,1.5949352108932107,0.02266354100771005,-0.027902241758870183,0.0,438.30654251483134,441.0145892150084,441.35906211423236,441.31667321416234
0.7600000000000003,0.020336238541883662,0.009985267804617889,10.614913839396698,0.013931431079412526,6.255609348767008,0.0,0.09840980196703039,0.04758906456704772,1.641577796058738,0.022761816513660712,-0.03215443847720334,0.0,452.20446515097,451.1756031590042,451.9678146527068,451.99159800004264
0.7800000000000004,0.02237444256577775,0.010972410829150687,10.648321698562349,0.01440384732778277,6.255016509024074,0.0,0.10541060042237801,0.05112523788623219,1.6992081205063516,0.024479808323382753,-0.027129535816199205,0.0,461.5357612124026,462.7235664566398,461.6296909623011,462.0361878813777
0.8000000000000004,0.024547000996294983,0.012027813094181205,10.682627863931584,0.014810714916873913,6.254544743051985,0.0,0.1118452426293454,0.05441498861681942,1.731408416417297,0.016206950585726923,-0.020047061392672413,0.0,437.4697740687015,439.2351031423013,440.0126666027619,437.9534716743154
0.8200000000000004,0.02684763754390104,0.0131490651058711,10.717519013101782,0.015105578814559983,6.2541142291015746,0.0,0.11821841213125998,0.057710212552170154,1.7577065006024177,0.013279439182912132,-0.02300433364832071,0.0,434.3518937892657,433.6072942485859,432.67759388202074,431.93753667880526
0.8400000000000004,0.02928562401664151,0.014341515936567604,10.753243190531434,0.015381865442097187,6.253652315404127,0.0,0.1255802351427872,0.06153487051748024,1.814711242362851,0.014349223570815682,-0.023187036096470222,0.0,462.849375818698,462.806220891007,460.6135927131155,460.8671853558683
0.8600000000000004,0.03186163489736399,0.015605754416510444,10.789756133556457,0.015572763972485859,6.253257039640843,0.0,0.1320208529294601,0.0648889774768038,1.8365830601395396,0.004740629468042759,-0.016340540231826572,0.0,427.64950600518483,429.39529397674374,431.0229473979063,428.5799451012897
0.8800000000000004,0.03456882225269097,0.016938273158708255,10.826756761159587,0.015692822271634377,6.252871347869814,0.0,0.1386978826032379,0.06836289674297741,1.8634797001734553,0.007265200446792913,-0.02222863687105945,0.0,435.6414321129556,434.1620740782369,432.9529427690274,433.5895673347986
0.9000000000000005,0.037406739318361755,0.018338638711982835,10.864174351064413,0.01588461810484265,6.252365490092112,0.0,0.14509382396384027,0.07167365858448055,1.878279290309244,0.01191438287399207,-0.028357140899127147,0.0,424.1637287955794,422.58189416294636,420.8885359447749,422.0937530053758
0.9200000000000005,0.04037812058046381,0.019807931729858886,10.902033245372259,0.016089485088591537,6.251735800169165,0.0,0.1520443022463655,0.07525564320312446,1.907610140475306,0.008572315500874738,-0.03461185139550707,0.0,437.14231037925094,435.5757639136478,437.1966371495081,436.36039686431855
0.9400000000000005,0.04348521482409603,0.02134691445141962,10.940328914921698,0.016184425439977446,6.25101588867113,0.0,0.1586651221168559,0.07864262895294889,1.921956814468728,0.0009217196376975585,-0.03737929840783662,0.0,422.6966020890742,421.9799905006192,422.9709312433809,420.9896505411
0.9600000000000005,0.04674654019829727,0.022964045165437888,10.979542289395514,0.016166025987756072,6.250321290000624,0.0,0.16746741530326784,0.08307044244887814,1.999380632912775,-0.0027616648598249942,-0.032080568642873425,0.0,479.42759833393086,480.63323910740115,481.1471747890213,480.30989839049306
0.9800000000000005,0.050183193640681835,0.02466839395184207,11.02022457178288,0.016212381583479818,6.24958713329821,0.0,0.1761979289351886,0.08736443619154027,2.068847605823816,0.007397224432224448,-0.04133510159863208,0.0,474.0155696400811,471.87701853639527,473.29456906240443,475.63430478733005
1.0000000000000004,0.05379084521277364,0.026456062366388616,11.062130780078403,0.016209395627738488,6.248548877142888,0.0,0.1845672282739924,0.09140240526311455,2.121773223728686,-0.007695820006380803,-0.06249051393356202,0.0,461.40257078566975,456.3639713911265,461.31381020374204,457.7245537562937
1.0200000000000005,0.057565427274085916,0.028323058559730965,11.105007746246926,0.016009086594201527,6.247362518617379,0.0,0.19289097785723472,0.09529721407112025,2.165923393123538,-0.012335083347303162,-0.056145338617263216,0.0,450.9013934266834,452.433769875589,451.6836623522123,450.56001420811424
1.0400000000000005,0.061516688223812385,0.030270751993868163,11.148972865918445,0.01578520964003971,6.246237701038844,0.0,0.2022351171154118,0.09947212934259941,2.2305885740282005,-0.010052612068876395,-0.05633641923620481,0.0,470.6120047207221,470.56568305548717,469.35390697688314,469.885139433163
1.0600000000000005,0.0656668765474327,0.0323052481789953,11.1944777435571,0.015545158919276325,6.2451003628904616,0.0,0.21278371524661902,0.10397748917011435,2.319899189837111,-0.013952460007485502,-0.05739739560199049,0.0,492.4229864859765,492.18566295360404,491.5024324129255,490.63475949737665
1.0800000000000005,0.06999698041021388,0.034415169635899634,11.240868676422677,0.015260622864895268,6.24395149903815,0.0,0.22022667103149865,0.10701465652031937,2.3191940967206826,-0.014501145430610807,-0.05748898962912372,0.0,409.68416731484757,409.6571590796189,408.12914240273665,407.9822973638738
1.1000000000000005,0.07449231594883332,0.036590768302725424,11.287605397854833,0.014973909095577831,6.242793818323534,0.0,0.2293068828304457,0.1105452101622592,2.3544780464948154,-0.014170231501126106,-0.05827908183259011,0.0,444.98012585591545,444.78378000233425,443.0732079523129,443.1549224701761
1.1200000000000006,0.07916240928641932,0.03883278287922883,11.334812146715583,0.014711589973384953,6.241628647301665,0.0,0.23770245092815517,0.11365624748808165,2.3661968395802893,-0.012061680718151009,-0.058238020354270226,0.0,421.33165923050916,421.3397441308742,421.3913120757461,421.9378584182316
1.1400000000000006,0.08401927387224144,0.04114228647537825,11.382648596009068,0.014573689483575514,6.240380134743745,0.0,0.24798400765405684,0.11729411212686011,2.4174480897680373,-0.0017283682628199144,-0.06661323543780015,0.0,459.13456167231885,457.1346232381841,458.5213016140715,460.97751794080654
1.1600000000000006,0.08908227318244219,0.043523324202576714,11.431449724672333,0.014506940734310803,6.2390591042413615,0.0,0.25831592336601755,0.12080966059298637,2.4626647765584884,-0.004946506663654485,-0.06548981480055664,0.0,453.04652656634613,453.3142075009105,454.5531151355674,453.7788367109671
1.1800000000000006,0.09434892749089871,0.04597248173182962,11.481015421251001,0.014374101012267104,6.237776155384502,0.0,0.2683495074796337,0.1241060923323038,2.4939048813083198,-0.008337465540690198,-0.06280507088536559,0.0,440.90888699896,441.57058731490883,440.94564373031983,440.10456346158026
1.2000000000000006,0.09981638346802921,0.04848638181544071,11.531144604937529,0.014289966271459065,6.236593682777897,0.0,0.2783960902334158,0.127283916028805,2.5190134873444783,-7.600854013163974e-05,-0.05544218977512478,0.0,433.57508036728836,435.42391595112383,434.89214134499673,436.9632351040659
1.2200000000000006,0.10548491639966372,0.051062893033014645,11.581723014235575,0.0142182349633444,6.235511225392482,0.0,0.2884572029300342,0.13036720572858834,2.538827442459966,-0.007097122271335296,-0.05280354876631587,0.0,429.49843687537464,430.16708390404864,431.56625158802814,429.78473425754885
1.2400000000000007,0.11135978707347037,0.05370174140690816,11.632755992544467,0.013998746647096993,6.234441296050157,0.0,0.2990298644506308,0.13351763166076286,2.56447038842919,-0.014851709353386169,-0.05418938546607327,0.0,435.5643896472117,435.214673074001,437.5138160213352,435.57274666011455
1.2600000000000007,0.11745182281775515,0.056404067660162434,11.6843703507773,0.013647485494498568,6.233319101203538,0.0,0.3101737099778485,0.13671499366466497,2.596965434854098,-0.02027440590649945,-0.05803009919583427,0.0,442.3712535224741,441.4194952163852,443.96794181176597,442.6312916457409
1.2800000000000007,0.1237972868245516,0.05917718806451329,11.737195385760149,0.013368556444850022,6.232178032282828,0.0,0.3243726907017962,0.1405970467704201,2.6855380634309247,-0.007618499058388925,-0.05607679287503781,0.0,492.19581816596803,492.6273233305736,491.57239859507786,494.3778710689225
1.3000000000000007,0.13042076227173482,0.062024739003953215,11.791611393828763,0.013245506997527023,6.231084349366942,0.0,0.33797485401652655,0.14415804717357233,2.7560627434304896,-0.004686445673888611,-0.053291498713537236,0.0,477.49661005167985,478.13172118674987,477.0821244515949,477.75337099330613
1.3200000000000007,0.13728809611301956,0.06493528031627592,11.846841611501622,0.013189033702700748,6.230097242683975,0.0,0.348758530111947,0.1468960840586992,2.7669590238554798,-0.0009608838087299702,-0.04541916958321033,0.0,421.5717567604401,423.60549881454347,422.57917148463963,423.5416047738109
1.3400000000000007,0.14437767567561316,0.06790158837852482,11.902375100072847,0.013249263518903653,6.229273089500278,0.0,0.3601994261474127,0.14973472216619008,2.7863898332671453,0.006983865428985215,-0.03699614878637314,0.0,430.6068282205646,432.7378973584174,429.7606226078944,431.7761237253018
1.3600000000000008,0.1517023171765011,0.07092589570910747,11.958380150740254,0.013266122769194588,6.228567374007012,0.0,0.37226472394138,0.15269601089207452,2.8141152334735238,-0.00529794039990678,-0.033575400540285565,0.0,438.7730954489338,439.62358315593343,440.87587752670544,437.82088784847406
1.3800000000000008,0.15924897120056075,0.07400440197424488,12.014558159713271,0.013060297473249882,6.227875209168001,0.0,0.38240067846458414,0.1551546156216655,2.8036856638283436,-0.015284589194576606,-0.03564108336086592,0.0,401.78246726994047,401.2196384103301,403.135138428277,400.4188879757744
1.4000000000000008,0.1670532149745546,0.07714433746435304,12.071495563200607,0.01278051309269923,6.227161996746318,0.0,0.39802369893480094,0.15883893338915064,2.890054684905348,-0.012693848860454313,-0.035680158807387924,0.0,491.8123053816011,491.8031977955836,491.6074187361138,492.18309606959673
1.4200000000000008,0.17513410966317916,0.0803485481215831,12.129486167656228,0.012473004281317479,6.226509814326732,0.0,0.41006576992765575,0.161582132333856,2.9090057606569384,-0.018057032277718824,-0.02953808315123384,0.0,431.45473170403795,433.00703592058414,431.390585757741,430.0299350934301
1.4400000000000008,0.18345580686811602,0.08360664365030179,12.187830651591609,0.012185914066522585,6.22588547948744,0.0,0.42210395056602973,0.16422742053801298,2.9254426328811123,-0.010651989201728898,-0.032895400777981976,0.0,430.1612276221248,429.30716279151386,427.6278863933106,429.5161491443795
1.4600000000000009,0.19202125200251433,0.08691738615635572,12.24653304588953,0.011946952807515565,6.225102597168334,0.0,0.4344405628737991,0.16684683006737966,2.9447967969109823,-0.01324413669901281,-0.045392831132663514,0.0,433.9808904335997,430.82194588361665,432.0814375784123,431.42545786289526
1.4800000000000009,0.2008541412929446,0.09028390981980436,12.305949934584369,0.011788669117537509,6.224163965166127,0.0,0.4488483661692294,0.1698055362774837,2.9968920725729413,-0.0025842322987973277,-0.04847036908789567,0.0,463.1455404564919,462.41770998369014,461.3290518046554,463.84743436547296
1.5000000000000009,0.20998464736647676,0.09371063615218288,12.366529600274571,0.011699530164521299,6.223185245357158,0.0,0.4642022411839867,0.17286709696036826,3.061074496447268,-0.006329663002808024,-0.04940161180894428,0.0,474.4942404875129,474.2784391912087,473.50651014986573,472.64136908646555
1.520000000000001,0.21941388361820444,0.09719623879345671,12.428211751472283,0.011480968298399397,6.22216495826045,0.0,0.47872138398878267,0.17569316716701425,3.10714062332393,-0.015526523609364329,-0.0526270978617746,0.0,458.08269107659186,457.3111207754709,459.17634192500265,456.9824081345646
1.540000000000001,0.2291277214663059,0.10073628116130584,12.490680364149252,0.011252736245227268,6.221198168965389,0.0,0.4926624008213642,0.17831106961789914,3.139720644373057,-0.007296681707878385,-0.04405183164439667,0.0,444.03491410707454,446.13859891848864,445.3613577234374,447.3763262166381
1.560000000000001,0.23913343472458248,0.10433012420785295,12.553975515740314,0.011048741435334186,6.220371756635233,0.0,0.5079089250062953,0.18107323503681158,3.1897945147331304,-0.01310279928146827,-0.03858940137122559,0.0,462.08669779440095,463.3757271974721,461.942190849849,460.56670448600966
1.580000000000001,0.249455170795085,0.10798029857163864,12.618416423497793,0.01074151646548227,6.2195755798036725,0.0,0.5242646820439562,0.1839442013417561,3.2542962610148227,-0.017619697703704678,-0.04102828178475336,0.0,475.22477901722044,474.6629841690213,475.81761796946006,474.7792163469284
1.600000000000001,0.26008004854544087,0.11168269749720743,12.683738730575234,0.01046324743602689,6.218705350021477,0.0,0.5382230929916295,0.18629569121512254,3.2779344467292946,-0.010207205241817612,-0.04599469643498837,0.0,438.7361364763855,437.49640277668516,437.4034007573865,439.25154726829356
1.620000000000001,0.27100796960323414,0.1154350723889785,12.749874224278525,0.010211738875686827,6.217794565871694,0.0,0.5545690127876969,0.18894179796198382,3.3356149235998105,-0.014943650792187506,-0.04508371854326703,0.0,469.1795777633699,469.39059620526785,470.5364742586778,469.43527591968376
1.640000000000001,0.2822580949578392,0.11923863410148144,12.817056323786867,0.009866372386443167,6.21683634040161,0.0,0.5704435226728091,0.19141437328830965,3.382595027234438,-0.01959299813221739,-0.05073882846501278,0.0,461.4088504261968,460.06641175193874,460.61958092334095,459.51530160346874
1.660000000000001,0.29383185163357867,0.12309137167061178,12.88523566905568,0.00947028788539761,6.2157963133873615,0.0,0.5869321449011367,0.19385938362472405,3.435339499646829,-0.020015451972377054,-0.05326387295990108,0.0,466.17171172472894,465.5778910132125,465.95889874118325,465.8598653210914
1.680000000000001,0.3057150915403851,0.12698881097661152,12.954131210208843,0.00914711627814313,6.214729161066302,0.0,0.6013918457795098,0.19588454697525068,3.454214615669333,-0.01230170875309501,-0.053451359145966965,0.0,436.1240649862016,436.07515809964787,432.71837381005054,434.6621715449525
1.700000000000001,0.31790349300114207,0.1309278808166714,13.023603954118894,0.00882850473924357,6.213764494619731,0.0,0.6174483002961849,0.1980224370307387,3.49305977533587,-0.01955944513688105,-0.04301528551104328,0.0,452.91183807159734,455.42121323196443,454.25768711570066,452.5083942071247
1.720000000000001,0.33043934909858275,0.13491201269003558,13.09419991322373,0.008256014394183886,6.212892762793352,0.0,0.6361373094478826,0.20039075030568063,3.566536135147594,-0.0376895893691272,-0.04415789712678344,0.0,485.30666787034676,485.0484504392727,486.4640676994049,482.3740536313364
1.740000000000001,0.3433109080579871,0.13893722354321805,13.16569157960643,0.0075074881100336555,6.212047359090295,0.0,0.651018586492555,0.2021303350125681,3.5826305031224255,-0.037163039045916155,-0.040382473178788625,0.0,432.67797766389447,433.62937088942175,433.1073848917347,433.23951347918563
1.7600000000000011,0.35646160033110275,0.14299349598006136,13.237220856436021,0.006685105407321146,6.211185563916308,0.0,0.6640506408190098,0.20349690867176334,3.5702971798367833,-0.045075231225362375,-0.04579704421998157,0.0,405.69327826738237,404.2310160311875,406.12892531315106,403.9933706204236
1.7800000000000011,0.3699068942405315,0.14707858448532102,13.308952785070884,0.005764218265790433,6.210225967160536,0.0,0.680478750123867,0.20501194185420238,3.602895683649531,-0.047013482927735974,-0.050162631357223805,0.0,448.99841304917504,447.9333680765403,449.4334592433227,448.9607519049144
1.8000000000000012,0.38367089691027784,0.1511909110379697,13.381172223654076,0.004817098659528618,6.209222748782185,0.0,0.6959215168507664,0.20622071341066486,3.6190481746695427,-0.04769847769847945,-0.0501592064776949,0.0,433.36728078164265,433.3664891802111,433.77599501039145,433.60199813454693
1.8200000000000012,0.3977752860492423,0.1553273073536084,13.454111888772234,0.0038151490383810938,6.208291130337702,0.0,0.714517397045679,0.20741891815320415,3.6749183371461656,-0.05249648441625175,-0.04300263797067183,0.0,468.9001324454271,470.5636942213299,471.44182157246996,470.32704489169436
1.8400000000000012,0.4122271453214911,0.15948377328148816,13.527812254193607,0.002651516764647255,6.207458899487779,0.0,0.7306685301791992,0.20822767463477332,3.6951182049911813,-0.06386674295715167,-0.040220447021788466,0.0,437.42205290084377,438.1155612130279,439.5368607041661,436.6987569801713
1.8600000000000012,0.426995638191367,0.1636536023873695,13.601809151701698,0.0012182316879734145,6.206715108463076,0.0,0.7461807568083916,0.2087552359533635,3.7045715458177515,-0.07946176471021293,-0.03415865544851995,0.0,426.944522002219,428.49248673024545,429.77420661443995,425.78690331506357
1.8800000000000012,0.44212940496893793,0.16783187584919582,13.67669389977667,6.282767964366077,6.206166063177703,0.0,0.7671959209487003,0.2090721102292678,3.783903261679566,-0.08409568543803338,-0.020745873088782115,0.0,490.5928016366396,493.5712234457783,490.9618317571007,489.92485442350556
1.9000000000000012,0.45760545995462515,0.172012398131018,13.75213534067028,6.281057954936896,6.205806647978143,0.0,0.7804095776200263,0.20898011795295116,3.7602408276815966,-0.08690525748007566,-0.015195646867135388,0.0,393.74973616031747,395.28723069057554,395.6150963827174,394.8314185639217
1.9200000000000013,0.47337139076362533,0.1761874309813991,13.827426461749303,6.279319581642227,6.205540142614005,0.0,0.7961835032799935,0.20852316708515564,3.7688712802207354,-0.08693207198683321,-0.011454889546610579,0.0,427.2270013149444,428.1829405497027,427.235518125112,427.22207949506685
1.9400000000000013,0.4894816580377295,0.18034834229294597,13.903254844956962,6.277567039072643,6.205300179044915,0.0,0.8148432241304202,0.2075679640695285,3.813967040545104,-0.08832218497149523,-0.012541467362525725,0.0,461.57534756781314,461.31813880102635,462.22610120814306,461.8913772061863
1.9600000000000013,0.5059753417164952,0.18448521009839772,13.980109472335366,6.275810347383354,6.205011094131578,0.0,0.834525143746149,0.20611881647564528,3.871495697295197,-0.08734698395742749,-0.016367023971234275,0.0,473.6613557568417,472.77800973190256,472.996941147423,473.21624185851584
1.9800000000000013,0.5228629831321951,0.18858865906820746,14.058110146220049,6.2740139578815,6.204664306493385,0.0,0.8542389978238483,0.204226080505329,3.9285716911730453,-0.09229196622790793,-0.01831173984820573,0.0,474.37404797927127,473.92592096412767,472.75347521863205,471.60312443907793
2.0000000000000013,0.5401568297726488,0.19264839643172887,14.137393515570796,6.272189492376825,6.204314682136488,0.0,0.8751456662215139,0.20174765584681134,3.9997652439016353,-0.09015458423981877,-0.016650695841536927,0.0,484.7741636367309,485.14857098087845,486.49855466116696,486.97209044926586
2.0200000000000014,0.5577895079558207,0.19666482892137516,14.217086356998674,6.2703471836594,6.204037897179976,0.0,0.8881221520956797,0.19989559311781677,3.969518898886164,-0.09407628750263436,-0.011027799809662734,0.0,388.4987517404895,390.07742709557175,390.71476428055524,389.60816893913517
2.0400000000000014,0.5757645172119258,0.20062781202200056,14.29721321795896,6.268560850425979,6.2037930628026405,0.0,0.9093787735148274,0.19640271694472222,4.043167197142427,-0.08455703583944987,-0.013455637923861483,0.0,487.9859899271139,487.44210101183364,487.74370257227906,489.8653783847912
2.0600000000000014,0.5941067068466286,0.20452686723464952,14.378077234587348,6.266869602772269,6.203493512006478,0.0,0.9248401899554499,0.19350280432017353,4.043234465696441,-0.08456772953153881,-0.01649944169236492,0.0,421.83454829157904,421.0453134049827,421.17463204361087,421.16556504127306
2.0800000000000014,0.6127759725314724,0.20836105491156223,14.459159545628175,6.26516075156918,6.203190821457966,0.0,0.9420863785289322,0.18991596337109562,4.064996638386342,-0.08631739077743117,-0.01376961315875259,0.0,442.55012459856175,443.2238389302197,441.90876250311857,441.4699255873582
2.1000000000000014,0.6317772488415277,0.21212280741934886,14.540508673869212,6.263430717259762,6.20295643594007,0.0,0.9580412524765997,0.18625928740756761,4.069916185717203,-0.08668604016426512,-0.009668938630866226,0.0,425.94787860883235,426.9988471847831,426.16007804635336,426.0590261681241
2.1200000000000014,0.6511330201404096,0.2157993386269707,14.622391418500312,6.261767334945603,6.20274686117787,0.0,0.9775358774115886,0.18139383335461767,4.118358277392822,-0.07965219125174687,-0.011288537589201463,0.0,467.2213416164176,466.84247562948303,466.169867689342,467.8101617031516
2.1400000000000015,0.6708443902477563,0.2193837098728971,14.704812251398312,6.260087509612665,6.202473109578264,0.0,0.9936011333230781,0.17704329123802282,4.123725012407276,-0.08833034204201737,-0.01608662237133945,0.0,428.3077980040229,427.08183961086087,427.79487615153636,425.56665485862845
2.1600000000000015,0.6908729788713612,0.22287897896370734,14.787284021106856,6.258236049575945,6.202199445688304,0.0,1.0092577290374074,0.17248361784300228,4.1234519584469895,-0.09681566162997017,-0.011279766624752333,0.0,420.2518575117917,421.5001600872214,423.6336291155574,421.43190728477083
2.1800000000000015,0.7112371557121618,0.22627265644794287,14.870021262400817,6.256328063235161,6.201996395478652,0.0,1.0271599550426582,0.1668841305805478,4.150272170948998,-0.09398297244843067,-0.00902525434043576,0.0,446.8556590400501,447.4068411879986,448.00372176676444,448.68630381377284
2.2000000000000015,0.731934860090239,0.22955829342145,14.952989114874434,6.254442382851181,6.201724170563661,0.0,1.0426104827650584,0.16167956677016637,4.1465130764127816,-0.0945850659495833,-0.018197237158620358,0.0,418.80685047559325,416.40656571753505,419.4737284035247,419.30876362994746
2.2200000000000015,0.7530108148501576,0.23271198421148703,15.036724089633736,6.2524271263280635,6.201301642356096,0.0,1.064984993226796,0.15368951223353497,4.226984399517379,-0.10694058636211917,-0.024055583597914182,0.0,496.6353805027829,495.3446485237826,496.2583360076604,493.52326865808135
2.2400000000000015,0.7744786846465315,0.23572152474241534,15.12137820517192,6.250188715115048,6.200941164869068,0.0,1.0818019864105854,0.1472645408592965,4.238427154301053,-0.1169005349393661,-0.011992165104923694,0.0,433.22159320023394,436.2541989580524,434.6494811925844,432.12744092186415
2.2600000000000016,0.796311400116744,0.2385867649003707,15.206598650108898,6.247742907210984,6.200725371180095,0.0,1.1014695606106675,0.13925947493623997,4.283617339396625,-0.12768025546696454,-0.009587203792325773,0.0,465.92556377238725,466.4894693831646,466.0863289313147,463.5401571367805
2.2800000000000016,0.8184944101467204,0.2413046324925608,15.292196915107581,6.245183112590608,6.200602809280351,0.0,1.1168314423869772,0.13252728428276947,4.276209160471703,-0.12829920657065422,-0.002668986182078858,0.0,415.05420078718595,416.8720590829272,416.2757758852937,416.0971396744536
2.3000000000000016,0.84100834182863,0.24387220088798126,15.377931224968725,6.242612250668479,6.20052088283474,0.0,1.1345617258039824,0.12422955525927501,4.297221825642593,-0.12878698564209748,-0.005523658379144131,0.0,444.8021955559266,444.1002840400746,442.9205979782967,442.78511287568216
2.3200000000000016,0.863902827313501,0.24625555270247598,15.464397637832322,6.2400327549925585,6.2004262990297185,0.0,1.1548868226831097,0.1141056261901964,4.3494194607170495,-0.12916258195002187,-0.003934722122844345,0.0,471.295348700865,471.6637629219202,473.1416748532095,473.0408407844169
2.3400000000000016,0.8871731826841635,0.24844600685191076,15.551537264567395,6.237452129429807,6.200361165523351,0.0,1.17214871438314,0.1049397887532813,4.364543212790343,-0.1288999743251292,-0.002578628513863258,0.0,438.773655561454,439.11138285467075,438.49790883091254,438.5478455626149
2.3600000000000017,0.9108133669610895,0.25043415479970504,15.63927473711297,6.234829801522864,6.200263453477389,0.0,1.1918697133094578,0.09387500602614632,4.409204041766988,-0.13333281636924801,-0.007192576082335831,0.0,466.82951798725685,465.7481414415054,466.5552411303982,465.50132435019646
2.3800000000000017,0.9348500871085812,0.2521935251002998,15.727929082722069,6.2321604840280465,6.200144339762938,0.0,1.211802301439719,0.08206202403332985,4.456230519142858,-0.13359893311252113,-0.0047187953627947764,0.0,468.41309651483544,468.9900388436856,468.65424015461167,468.5768138398071
2.4000000000000017,0.9592488402180464,0.25373268409442606,15.817082136376442,6.229456267139604,6.200034374803657,0.0,1.2280730095067929,0.07185387537929834,4.4590748462944365,-0.136822755731803,-0.006277700565130804,0.0,427.4312281621893,427.0325173944717,428.98304348696325,428.14373084302287
2.4200000000000017,0.9839671875178644,0.25506610827832904,15.906220840059788,6.226750207233945,6.199938978057519,0.0,1.2437617204750153,0.06148854301099761,4.454795522040116,-0.13378323483396193,-0.0032619740487247425,0.0,420.18046759923243,420.96426564818154,420.9343096407979,421.70434323382705
2.4400000000000017,1.0090191942845648,0.25617362887935974,15.99551085424024,6.224094263535418,6.1997744998816255,0.0,1.2614389561950403,0.04926351709207297,4.47420589600521,-0.13181113501868028,-0.013185843540559893,0.0,444.8776732574744,442.4330415587233,443.80928029452525,444.2781656205411
2.4600000000000017,1.0344142550467852,0.25703849832103703,16.085060658301018,6.221444630818741,6.199543329229922,0.0,1.2780671200270066,0.037223427075654444,4.480774510072381,-0.13315213664913833,-0.009931221629938857,0.0,431.13739922409826,431.9617706146096,432.22130365703794,431.86556505641596
2.4800000000000018,1.060205034045201,0.2576109723821129,16.175489184742595,6.218769782474194,6.19933870340893,0.0,1.301010779814563,0.02002397903193164,4.562078134085548,-0.13433269780563037,-0.01053136046930727,0.0,499.655546821181,499.52439840459556,498.6282553866995,498.3552178105002
2.5000000000000018,1.086430751313388,0.2578507113524856,16.26725378285826,6.216050602261134,6.199129287745794,0.0,1.3215609470041456,0.003949918005339555,4.614381677480942,-0.1375853235002001,-0.010410205844422035,0.0,474.4872251823156,474.51526309869473,475.51416634253127,474.75063071239265
2.520000000000002,1.1130624436374805,0.2577665342246673,16.359999734079718,6.213381131307589,6.1988477422002966,0.0,1.3416082854051161,-0.012367630787172328,4.660213444665029,-0.12936177185444006,-0.017744348705386586,0.0,470.7384500798652,469.03271852452923,468.2884256523247,470.18736407678705
2.540000000000002,1.1400558997528378,0.2573823396501195,16.453192873131687,6.210767992564836,6.198539719643787,0.0,1.3577373261306174,-0.026051826667607435,4.659100460532161,-0.13195210242086386,-0.013057906945666905,0.0,425.39688624017225,426.59930821543406,426.66125338481334,425.98107816651066
2.560000000000002,1.1674391942642988,0.25666242397517797,16.547148347387097,6.2080773359967125,6.198161362884418,0.0,1.3805921250154845,-0.045939740826539247,4.736446965008691,-0.13711355439161027,-0.024777768991166082,0.0,498.4581215138682,495.8819465342028,498.0362539328074,496.8883423113928
2.580000000000002,1.1952508673880433,0.2555634875174416,16.642303457612115,6.20539625017209,6.197763230164114,0.0,1.4005751873589658,-0.06395390494709752,4.7790640574928425,-0.13099502807068542,-0.01503550303938084,0.0,466.48875602484605,468.76563424227515,467.4503995020447,468.8624328936963
2.600000000000002,1.223434425253821,0.2541238347543048,16.737977321016135,6.202811616580142,6.197292850251207,0.0,1.417780599218794,-0.08001137136658808,4.7883222829088785,-0.12746833112403497,-0.03200248825126886,0.0,439.3807947346613,435.1399178657901,437.26611356888844,438.1307108610699
2.620000000000002,1.2519802474822963,0.2523415941630453,16.834036266965544,6.2004218633794075,6.196709863132984,0.0,1.4368016236287295,-0.09821268775936018,4.817572312031843,-0.11150698894936051,-0.02629622357115815,0.0,456.071586872566,457.43665989367867,454.0678829796161,457.8793344617602
2.640000000000002,1.2809110164004363,0.25018678452756576,16.93071795400485,6.198180321385539,6.1961838188308676,0.0,1.4562752681852749,-0.1172682757885948,4.85059639189913,-0.11264721043731,-0.026308206640504553,0.0,458.981251948324,458.97828009289015,461.44792525882195,461.167260282614
2.660000000000002,1.3102245208906251,0.24765335967562763,17.027970267796363,6.196010774492093,6.195666024048215,0.0,1.4750751808336138,-0.13607420940521883,4.874634987252154,-0.1043074789073315,-0.025471271624814013,0.0,451.67483520370615,451.87717796967894,451.7352670923053,453.7375339621178
2.680000000000002,1.3399276212192208,0.24472657621038363,17.125845720261236,6.193903004798649,6.1951526439540885,0.0,1.4952348520259513,-0.15660413711917856,4.912910259235039,-0.10646949043703997,-0.02586673778793256,0.0,465.6695500955892,465.57664135880293,465.7219647786574,465.20536387498817
2.700000000000002,1.3700496574140084,0.24136946119720326,17.22465166357378,6.191685703565852,6.1946300084084065,0.0,1.5169687674528134,-0.17910736419885612,4.967684072019121,-0.1152606328426128,-0.026396816780315118,0.0,479.9053069950807,479.7844983699093,482.29283764016947,480.2875323295466
2.720000000000002,1.4005811183566117,0.23758394846800493,17.324255979248658,6.189446570132386,6.194190196751052,0.0,1.5361773268075247,-0.19944390872097734,4.99274749546862,-0.10865271050393954,-0.01758434895508636,0.0,453.2526387914191,455.3725520836602,453.8748600660292,455.4517836718857
2.740000000000002,1.4314739592831138,0.23341155896741778,17.42409740555083,6.187332797104052,6.193911904236536,0.0,1.5531067658427036,-0.21779504133773836,4.991395134748728,-0.10272459232952806,-0.010244902496606607,0.0,429.3809230763173,431.2451711364032,428.42469033266514,429.92354475316154
2.760000000000002,1.4627212821636224,0.22885147749151644,17.524083731479433,6.185266368602164,6.193605891785381,0.0,1.5716255222081617,-0.23821310625239522,5.007237458111217,-0.1039182578593055,-0.020356342618828398,0.0,447.7103470333477,445.23519903381435,446.21677432278835,445.9151784394769
2.780000000000002,1.4943215044452458,0.22389824149583748,17.62418727384915,6.183165824590418,6.1932673627666865,0.0,1.5883967059541653,-0.25711049331549873,5.003116778860127,-0.10613614331535824,-0.01349655925068369,0.0,425.8772617939146,427.63415097647385,428.1702943853632,427.5938956640412
2.800000000000002,1.526326455902062,0.21848684524712025,17.724967288485225,6.181004712114859,6.192971228224582,0.0,1.6120984397274594,-0.2840291315562223,5.074884684747578,-0.10997510424044825,-0.01611689495975511,0.0,496.6056362248964,496.02875628726673,496.7539095047935,495.89998515862743
2.820000000000002,1.558722896782271,0.21262510962332762,17.826267238021895,6.178779292245881,6.192534932871052,0.0,1.6275456482934583,-0.30214443082304165,5.055110268919467,-0.11256688265739252,-0.027512640393379362,0.0,414.0336755949705,411.0143965087882,412.8423196759576,412.14385537026027
2.840000000000002,1.591445613111757,0.20637800722732305,17.927354075523212,6.176496428693099,6.191937623646343,0.0,1.6447259846551323,-0.32256580877741636,5.0535734812124105,-0.11571947262091187,-0.032218282077624935,0.0,430.10491943902537,428.9072405087217,432.0169125246393,431.2069069332537
2.860000000000002,1.6245023585713458,0.19973039681334379,18.028294435348435,6.174154677657327,6.1912557163871895,0.0,1.660948561303742,-0.34219523262051016,5.04046250131011,-0.11845563095622284,-0.03597244383775166,0.0,419.7279128054809,418.74871735780755,419.5167227979985,418.79038142317796
2.880000000000002,1.6579057785354017,0.19266101911341776,18.12919966727843,6.171809022168157,6.190605804621683,0.0,1.6793934351018371,-0.3647425373720943,5.050060691689541,-0.11610991796081521,-0.02901873271292512,0.0,440.1628188840618,441.88554092330037,441.36998343270875,441.93777654929465
2.900000000000002,1.6916785195207942,0.18513682227903172,18.230287958210425,6.169501765477548,6.190026366702114,0.0,1.6978806634373995,-0.387677146066511,5.058768401510035,-0.11461575110006177,-0.028925059244067217,0.0,440.1878139525147,440.2108197295661,440.9925286085881,441.3505281955157
2.920000000000002,1.7257979016028873,0.17717854632016578,18.33129305085304,6.167224465812033,6.189473768138438,0.0,1.7140575447719053,-0.40815044982008497,5.041740862751637,-0.11311421545153408,-0.026334797123456346,0.0,415.0373113904021,415.7185913283045,415.6373254532124,416.0192927863681
2.940000000000002,1.7602942190825677,0.1687420449318525,18.432512544052717,6.164898829233714,6.188878234048088,0.0,1.7355742031961312,-0.43549968901124103,5.080208457215847,-0.11944944238058207,-0.03321861191155401,0.0,470.0410343214138,468.4375554450647,468.1917849029877,466.69983506811735
2.960000000000002,1.7952234900363204,0.15975141746509394,18.534515064341793,6.162532488887832,6.188237657521752,0.0,1.7573528921791306,-0.4635630576646128,5.1200435716919435,-0.11718459220755427,-0.030839040722143787,0.0,470.94866844856136,471.5002198875677,468.58029495738543,469.09624462711963
2.980000000000002,1.8305879639445093,0.1501961585623684,18.63729543432268,6.160216127397785,6.187641633729218,0.0,1.7790944986397565,-0.49196283260793944,5.157993426396781,-0.1144515567970455,-0.028763338531163498,0.0,468.07307158349,468.55723300303123,469.02502577601615,469.649961595818
3.000000000000002,1.866358045964792,0.14010650097239433,18.740518552921618,6.1579406766807665,6.187101596601714,0.0,1.7979137033885102,-0.5170029263894683,5.164318433496953,-0.11309351490485083,-0.025240374219295248,0.0,439.7231389819305,440.597700789979,439.6983136363367,440.02393529720024
3.0200000000000022,1.9025474230009454,0.12945704797346286,18.844299682911906,6.155741552624505,6.186571299490554,0.0,1.8210240002268416,-0.5479423735036769,5.213794565531966,-0.10681889072113152,-0.027789336896634147,0.0,480.0795402909223,479.49883472318385,478.9016498761248,480.3211837915603
3.0400000000000023,1.9391563184821057,0.11824090562348367,18.948621018605206,6.153673176466999,6.185975133357733,0.0,1.839865547889189,-0.5736718614942402,5.21833900379814,-0.10001872502959959,-0.03182727638557126,0.0,439.09894351364557,438.0924738017296,438.750865242749,440.4314961263595
3.0600000000000023,1.9761284030979571,0.10652548224540774,19.052883399073593,6.15167593931325,6.185307327498755,0.0,1.8573429136959523,-0.5978704763133529,5.207899043040715,-0.09970499034511998,-0.034953309512308926,0.0,425.5066365018886,424.7024746697057,424.1307789599908,424.2024743136891
3.0800000000000023,2.013485184210484,0.09427690271889981,19.157280384659057,6.149642131221132,6.184617823264581,0.0,1.8783351975567075,-0.6269874763374406,5.231799515505553,-0.10367581886668967,-0.03399711390500105,0.0,456.4501328887892,456.6785523768874,458.8493215081174,457.894257939107
3.1000000000000023,2.0512406455805916,0.08147185984400475,19.261928933894563,6.147569615326347,6.1839274219964295,0.0,1.8972109394540653,-0.653516811152065,5.233055408044987,-0.10357577061187927,-0.0350430129102107,0.0,436.39986092899886,436.13733485445664,436.663282418216,436.67875942134924
3.1200000000000023,2.089359700288861,0.06815268985977664,19.366451504655522,6.145477908185814,6.1833262369510535,0.0,1.9146945313728545,-0.6784001872707467,5.219201668050747,-0.10559494344156858,-0.025075491627349625,0.0,420.2712974890513,422.8550296343415,422.2152058610726,421.68220114342455
3.1400000000000023,2.127841567013052,0.05431531473633523,19.47081720669862,6.143374796401375,6.1828931644147005,0.0,1.9334921410462387,-0.7053373250733944,5.217368536258838,-0.10471623500249269,-0.01823176200797684,0.0,432.77203506446074,434.4969108119351,433.45483791405036,433.66630073237553
3.1600000000000024,2.1667377664842666,0.039882870890928214,19.575516915158452,6.141326414698504,6.182482166178026,0.0,1.9561278060751983,-0.7379070594673077,5.252602309724631,-0.10012193528447107,-0.022868061659353612,0.0,469.11951667761303,468.0381743221793,467.681633348221,468.7451383664375
3.1800000000000024,2.206043435743853,0.024855869010578423,19.680489494649347,6.139276740147309,6.181983618247397,0.0,1.9744391198834714,-0.7647931285676715,5.244655639364815,-0.10484551983505502,-0.026986731403467006,0.0,427.69402038114924,426.64010243401714,429.84993168487114,428.63810967618826
3.2000000000000024,2.245720155703978,0.00928153814819846,19.785342266491437,6.137137553031646,6.181364513906139,0.0,1.9932328761290121,-0.7926399576703248,5.240621544844228,-0.10907319173125773,-0.03492370272234335,0.0,433.9541735414616,431.95027471626616,431.77718107537225,430.6956805397536
3.2200000000000024,2.285784643994061,-0.006869335514967175,19.89021908999181,6.134986029753184,6.180742348545273,0.0,2.013215952879273,-0.8224474086462386,5.247060805192872,-0.10607913611489762,-0.027292833364157942,0.0,441.3111139341902,443.1964918174259,442.012754328225,442.7419537598135
3.2400000000000024,2.3262578816050494,-0.023632216340204057,19.99530104386957,6.132894280233035,6.180115255431232,0.0,2.0341078082195847,-0.8538406738774499,5.261134582583339,-0.10309581590000388,-0.03541647803988107,0.0,451.5451680478679,449.57433558926215,448.6007977372315,449.3173567796208
3.2600000000000025,2.367124790988091,-0.040990735092222105,20.100421904144614,6.1308600778734395,6.179244209487276,0.0,2.052583130084607,-0.8820112013243554,5.250951444921234,-0.10032442005951944,-0.05168811635576662,0.0,428.7300754564432,424.56089438786194,426.2888921502677,426.9891741471605
3.2800000000000025,2.408380384055635,-0.05894222176390344,20.205506345389267,6.128882968078443,6.178256836568828,0.0,2.0729761766698127,-0.9131374658437778,5.257492679544053,-0.09738655944002617,-0.04704917548899802,0.0,442.22678770342355,443.37012462286987,442.7709321338527,443.4868491163985
3.3000000000000025,2.450071488078569,-0.07755789017498832,20.31096294977545,6.126963590329247,6.1773258057341245,0.0,2.096134225623571,-0.9484293752647108,5.288167759074291,-0.09455121547959916,-0.04605390798128863,0.0,465.75607132488994,465.98835618389955,465.1411982987785,465.7993214756728
3.3200000000000025,2.4922322442818072,-0.0968903922987171,20.41707442190414,6.124974104619319,6.1764447192186935,0.0,2.1199413947002124,-0.9848208371081663,5.322979453794526,-0.10439735551323141,-0.04205474356185444,0.0,469.0925254652102,470.0222770974566,471.34499571258766,469.04920774414705
3.3400000000000025,2.5348675681984276,-0.11695025476027766,20.52384951814071,6.122804448293584,6.175568880637636,0.0,2.143590996961801,-1.0211654090478908,5.354530169862676,-0.1125682770603226,-0.04552911454386588,0.0,467.60905041914924,466.7953912450391,468.63775420529964,466.7192739758256
3.3600000000000025,2.5779671482774593,-0.13772634222660707,20.631158204073582,6.120590710987306,6.17470232730172,0.0,2.166367010941392,-1.0564433375850488,5.376338423424471,-0.10880545356748311,-0.041126219047741025,0.0,458.30575339886144,459.35344368616154,458.7727344510233,459.6575250599767
3.3800000000000026,2.621480531389546,-0.15914826732324594,20.73850862306622,6.1184701220234885,6.173844822394143,0.0,2.1849713002672666,-1.085749172078839,5.358703475839484,-0.10325344281418924,-0.0446242717099233,0.0,422.3149833740061,421.4076613259998,420.3300595516744,421.7602029222473
3.4000000000000026,2.665357016069824,-0.1811446820545598,20.845412789487412,6.116366020040992,6.172979172802307,0.0,2.2026771677604913,-1.1138923010525452,5.331713166279429,-0.1071567554352726,-0.04194068747360303,0.0,412.5973030502016,413.30631247543124,411.38919136390444,410.3405559363951
3.4200000000000026,2.7096678881077807,-0.20382607911202977,20.952480430134464,6.1143353323700325,6.172022752057671,0.0,2.2284100360352315,-1.1542474046944518,5.375050898425956,-0.09591201166077329,-0.053701386989987526,0.0,480.74132944118014,478.05922994793895,476.9300013452285,479.49085480132857
3.4400000000000026,2.7544847580640126,-0.22730322736056502,21.060318630126307,6.112459186759516,6.170957196741854,0.0,2.2532769595879993,-1.1934674201590738,5.408769100758087,-0.09170254939081574,-0.05285414459170173,0.0,469.9599793788473,470.15524985396735,471.1102858669388,472.07862698790365
3.4600000000000026,2.799768050608816,-0.2515190517996995,21.168539928978923,6.110583796940519,6.169915902513601,0.0,2.275052294892359,-1.228115023754375,5.413360784503318,-0.09583643250883561,-0.05127527823367941,0.0,444.3156648247021,444.70207081515844,444.67516106053785,443.6508052297356
3.4800000000000026,2.8454927427510164,-0.276437623528048,21.27688667407988,6.108719447829877,6.168923056069531,0.0,2.2974169193276914,-1.2637421490804754,5.4213137255921895,-0.09059847855525172,-0.048009366173393866,0.0,447.9073351891965,448.7019378948774,446.6154495054847,447.8877572331317
3.5000000000000027,2.891659898193305,-0.30206248269733005,21.385334377640476,6.107028950368706,6.167884727337661,0.0,2.3192986249011334,-1.2987437678477272,5.4234566304674825,-0.07845126756185679,-0.055823507013604834,0.0,443.8065622466653,441.87647809565243,440.6767831260174,443.67253791103036
3.5200000000000027,2.9382737030758928,-0.32840156787780816,21.493884848866898,6.105444557212996,6.166786932788941,0.0,2.3420818633576923,-1.3351647502000885,5.431590492174604,-0.0799880480090809,-0.05395594785824868,0.0,448.0240416552305,448.47734569063715,448.8263360152316,448.44708514572164
3.5400000000000027,2.985335581397253,-0.3554577513393286,21.602515929716507,6.103905631207681,6.165631069870532,0.0,2.364105968778356,-1.3704535959519546,5.431517592786497,-0.07390455252250462,-0.06163034398279269,0.0,441.3658870016423,439.45929422148174,440.58370942792516,442.085170153409
3.5600000000000027,3.032878782268051,-0.3832812887424301,21.71146765165568,6.102355684183468,6.164418735672907,0.0,2.3902141183014263,-1.4119001443581953,5.46365460113098,-0.08109014989867466,-0.05960307577963055,0.0,470.85623290410405,471.3241011063395,472.0085811427622,470.3378037483586
3.5800000000000027,3.0809379903219973,-0.41192414145336304,21.82098900092584,6.100693904685828,6.163215013818508,0.0,2.415706687093214,-1.4523851267351011,5.488480325885055,-0.08508779986541977,-0.06076910966020613,0.0,465.2702166391485,464.9938885731857,465.38100727412126,464.4361676544546
3.6000000000000028,3.1295469760032404,-0.44143677780876195,21.93131132883681,6.098979558690161,6.161970615265842,0.0,2.4451918810310764,-1.498878508804793,5.5437524652116625,-0.08634679970141113,-0.06367074560636181,0.0,493.58987059858885,492.9447029174147,492.01868921030405,491.73375245953264
3.6200000000000028,3.1786717578760904,-0.471768043834734,22.042117564335673,6.097259404665326,6.16072428324062,0.0,2.4672863062539077,-1.5342480937924063,5.536871084674564,-0.08566860278201789,-0.060962456915788305,0.0,435.9422401126614,436.617725652095,436.35464233507116,436.5181927475515
3.640000000000003,3.228245994157616,-0.5028181165341031,22.15282833568817,6.095513298234886,6.159522093750319,0.0,2.4901373218986524,-1.5707591761445139,5.534206050574882,-0.08894204026204715,-0.05925649211435364,0.0,440.5500048081185,440.97038273413494,440.85745125899433,440.03899259205275
3.660000000000003,3.278274995408452,-0.5345952709449086,22.26345020675689,6.0936993272859645,6.158258011685927,0.0,2.512762803184928,-1.6069562649360258,5.527981056296845,-0.0924550546300837,-0.06715171432498036,0.0,438.92740791839077,436.9543624050927,437.18490322332485,436.2989586929642
3.680000000000003,3.3287815903990094,-0.5671341905967271,22.374125509652853,6.0918244619604,6.156867528488672,0.0,2.537896695870829,-1.6469357002458274,5.539549233299556,-0.09503147792650145,-0.07189660540060945,0.0,454.7039508577527,453.5586693673919,455.2555806001188,454.6295955008271
3.700000000000003,3.379768770703095,-0.6004395034621107,22.484839286122735,6.089910689499021,6.155291192344665,0.0,2.5608213345377293,-1.6835955862925407,5.531828413688932,-0.096345768211437,-0.08573700900008265,0.0,437.37226104281365,433.8955018724249,437.38787077385217,437.05146406458914
3.720000000000003,3.4312318322359303,-0.6345034582143451,22.595508803935278,6.087959544309831,6.153629725084926,0.0,2.58548481874581,-1.7227998889308942,5.535123367565088,-0.09876875070757973,-0.08040971697392502,0.0,446.97262653843086,448.26748558924174,447.1914086838739,446.5909204481335
3.740000000000003,3.483220325357626,-0.669398626614467,22.706461352830583,6.086079820645756,6.152043850205393,0.0,2.61336449342376,-1.766716951081307,5.560131521965543,-0.08920361569987138,-0.07817777097927897,0.0,467.65641640133845,468.1729311804545,466.67395807666713,468.9010540977915
3.760000000000003,3.5357487711667877,-0.7051451913636275,22.81775669734703,6.084377889058777,6.150459748593267,0.0,2.6394800874924194,-1.8079395238347398,5.569402929678942,-0.08098954299800631,-0.08023239023331452,0.0,453.8941672746987,453.394387627938,452.9566046146575,454.92797930673487
3.780000000000003,3.588789183991859,-0.7416999167134328,22.929137688935345,6.082750497053597,6.148918453149145,0.0,2.664561195014721,-1.8475330111457897,5.5686962291524065,-0.08174965751992902,-0.07389715417885244,0.0,443.6343584637286,445.18734277995827,445.010757037571,444.81873152944416
3.800000000000003,3.642347513758265,-0.7790696359607742,23.040601147167912,6.081152388188595,6.147332980808784,0.0,2.6912717816258684,-1.8894389135883431,5.577649594104402,-0.07806122898031545,-0.08465007985732323,0.0,456.04097573754245,453.452287107552,453.0656882623309,453.94939574986654
3.820000000000003,3.696402133307947,-0.8172206702414461,23.151948711440713,6.079556841217409,6.145707796457039,0.0,2.71419017334233,-1.9256645144788518,5.557106833175613,-0.08149346813833125,-0.07786835531706617,0.0,424.79033502474266,426.5256131589467,426.35334899311636,425.4673557828997
3.840000000000003,3.7509509467314186,-0.8561476064355146,23.26311913422112,6.077909073103513,6.14416107698451,0.0,2.7406911690048377,-1.9670291049279924,5.559935444865181,-0.08328334325122562,-0.0768035919358113,0.0,449.01088367604376,449.2652536792925,448.5541075210067,448.11242842226994
3.860000000000003,3.8060565107594773,-0.8959399742288278,23.374511835792486,6.076165951838291,6.142647638863183,0.0,2.7698652338010437,-2.012207674403329,5.579334712271246,-0.09102878327099502,-0.07454022019688732,0.0,464.0140027598035,464.5424628149358,465.86184681161967,464.0356998251621
3.880000000000003,3.861716950273907,-0.9365937775671414,23.486072158978416,6.07442492766895,6.1412579439036,0.0,2.7961787176419013,-2.0531726594280384,5.576697606321903,-0.08307363366312928,-0.06442927576135074,0.0,443.8192845140283,446.29814534257,442.59842386551355,444.55173683979547
3.900000000000003,3.918028040061195,-0.978247231333284,23.598413338668625,6.072722848109681,6.1399597964562584,0.0,2.8349302610868916,-2.112172717186225,5.65742036269888,-0.08713432226375978,-0.0653854689727689,0.0,518.1838644792241,517.9797445127805,520.1466293344124,519.2881318279477
3.920000000000003,3.9750433583048914,-1.0209780750653137,23.711864420287267,6.070885586028794,6.138635727711986,0.0,2.8666015632827584,-2.160911656016748,5.687687799165208,-0.09659188582497964,-0.06702140545456203,0.0,476.5703112601403,476.19211724176677,477.68439821035776,475.50969497844955
3.940000000000003,4.032673124712066,-1.0646565374906978,23.8257734830675,6.068942311483411,6.137366213220636,0.0,2.8963750774347377,-2.206934586521645,5.703218478858274,-0.09773556871336005,-0.05993004368042366,0.0,462.5893944856702,464.25881566253753,464.03369706218746,463.7566846280705
3.960000000000003,4.090830863460805,-1.1091584958397078,23.9395265382056,6.0668668873805025,6.136152017082114,0.0,2.9193987974390767,-2.24326124837936,5.672087034951949,-0.1098068415774364,-0.06148957017171929,0.0,419.09457413171566,418.68484572321677,420.02183188209125,416.8596429920605
3.980000000000003,4.1495269753044175,-1.1545009971246267,24.05315822857504,6.064639448216074,6.134932465548422,0.0,2.9502123869221766,-2.290988880112529,5.691082001991924,-0.11293707486557479,-0.060465583197502185,0.0,466.2291301550742,466.46662425139414,468.64766052944447,467.9070419814524
4.000000000000003,4.208782010367669,-1.200716340685982,24.16677806928027,6.0623121159206335,6.133710234375371,0.0,2.97529111940293,-2.3305454760229973,5.670902068531162,-0.11979615467842175,-0.06175753410762699,0.0,429.96673781842776,429.6354401401707,431.64197875507176,429.88969932326114
4.020000000000002,4.268544307075912,-1.2477326599596297,24.280017776989528,6.059887310251465,6.132535336197012,0.0,3.0009385514213336,-2.371086451341781,5.653068702394734,-0.12268441223827121,-0.055732283728340354,0.0,432.3403977275845,433.8582263995022,432.7174321374676,431.97384654196134
4.040000000000002,4.328845207704988,-1.2955991216333564,24.39305272587886,6.057427595705356,6.13141096354329,0.0,3.0291515114862673,-2.41555971603088,5.650426186538546,-0.12328704237277917,-0.05670498164389679,0.0,447.8491658223189,447.60962410896906,447.8352839603124,447.67466594250345
4.060000000000001,4.389746970957453,-1.3444108421703285,24.50625466954537,6.0550612330190035,6.130365804688362,0.0,3.061024813760168,-2.4656123376663155,5.669768180112643,-0.11334922626255466,-0.047810903848891216,0.0,467.0157985078912,469.0907967385656,468.3472334046788,470.6479643124619
4.080000000000001,4.451299559864094,-1.3942457041591814,24.619914120145975,6.052739624008028,6.129401290076281,0.0,3.0942340769039554,-2.517873861218981,5.696176879948035,-0.11881167483493138,-0.04864055735917603,0.0,475.83825276408385,475.6464166267106,476.530685674164,475.26558482164387
4.1000000000000005,4.51349253203542,-1.4450934510920233,24.73393926079825,6.0503905071739155,6.128435483755631,0.0,3.125063140228551,-2.566900832065216,5.706337185279498,-0.11610000857646383,-0.04794007470590732,0.0,461.33453558920974,461.4991140826111,461.2739270762242,461.90393556080994
4.12,4.576222451846651,-1.4968066232944761,24.847659077186158,6.0480217831179,6.127522450713963,0.0,3.147928840894588,-2.6044163881800886,5.665644453511411,-0.12077239702513737,-0.04336322946084763,0.0,410.86031499377185,412.0746029297732,412.3937598945479,411.1401662397598
4.14,4.639504920846647,-1.549413909735231,24.961147511662,6.045641749765185,6.126589404916533,0.0,3.1803180591048767,-2.656312255895415,5.683198994072548,-0.11723093824650306,-0.04994135028224086,0.0,470.11296570964544,468.580079293619,467.7507237274905,468.56522244442067
4.159999999999999,4.703391286359829,-1.6029966174414627,25.07470517053729,6.043285719413049,6.125528969169393,0.0,3.2083184922133308,-2.70195851472775,5.672566893456606,-0.11837209696720749,-0.05610222443181789,0.0,443.22138674855313,441.69780233659685,442.79159138550915,442.49741152243985
4.179999999999999,4.767787675441306,-1.657419773230793,25.187733395209168,6.0408953460709025,6.124356595448161,0.0,3.231320415934383,-2.7403570642052544,5.6302555737313345,-0.1206652372474212,-0.06113514769140035,0.0,411.329899770416,409.9877966982259,410.89074204511667,410.2663708037906
4.199999999999998,4.832761737578678,-1.7127888904601782,25.300618189087317,6.038526714245791,6.123205078251971,0.0,3.2660857978027673,-2.7965546587332786,5.658223814083712,-0.11619794526392507,-0.054016571927641144,0.0,477.05914374400214,478.6849944387142,479.6859468858652,480.69087065081766
4.219999999999998,4.898375637057558,-1.7692008965081714,25.41371341571377,6.036210025766522,6.122104000446168,0.0,3.2953041500853066,-2.8446459460660365,5.651298848561463,-0.11547090266308352,-0.05609120865259083,0.0,447.4060688744487,446.89700736956155,446.8995772843911,447.06537563666603
4.2399999999999975,4.96461891855615,-1.8266445556850452,25.526926890085374,6.033973766219862,6.121043740418012,0.0,3.3290239997738778,-2.899719971621354,5.670048588598989,-0.1081550520027587,-0.0499347941630416,0.0,470.3752467763371,471.8017525526527,471.41951993304787,473.10171829965685
4.259999999999997,5.031503009330269,-1.885141292738027,25.640303276173803,6.031810562832288,6.120070275877687,0.0,3.3593850776380707,-2.9499537336768347,5.66759002024369,-0.10816528675472135,-0.047411659869492515,0.0,451.35613306702567,451.9652394138321,453.0607553928685,453.0482400377517
4.279999999999997,5.0989933241328504,-1.944643490943856,25.753614289970617,6.029719163347819,6.119077926737482,0.0,3.389646402620106,-3.000266086906054,5.663511359437713,-0.10097466169212058,-0.051823254151114495,0.0,451.8866653584556,450.8169638044804,450.1345366413121,451.86719002597704
4.299999999999996,5.167121830719422,-2.0052039636219785,25.867026083150794,6.027775521787515,6.118020963733887,0.0,3.423204256037093,-3.0557811809062434,5.677667958580128,-0.0933894943382601,-0.05387304620850494,0.0,469.2175817310253,468.73825807568994,467.7379912986875,469.49899793211495
4.319999999999996,5.23588288367267,-2.066817904765628,25.98048457479051,6.025909081972934,6.116957489048897,0.0,3.4529010392876707,-3.1056129334587257,5.668181205391091,-0.0932544871197123,-0.05247442229057661,0.0,445.92972592299947,446.2705235402778,447.66393464698314,447.6895949674997
4.339999999999995,5.305236523473241,-2.1294279325520358,26.093734948359312,6.024111690797779,6.115960862324005,0.0,3.4824629407693184,-3.1553898451820332,5.656856151489312,-0.08648463039571717,-0.04718825019850144,0.0,443.9476573696346,445.2455241110614,445.35122534464944,447.0024483878441
4.359999999999995,5.375310494266934,-2.1932310316793515,26.207488503113844,6.022284831582109,6.114964443074943,0.0,3.5249341386000563,-3.224920067549509,5.718499323963829,-0.09620129117137315,-0.05245367470767821,0.0,512.6001120040667,511.47511707022556,513.3040507775252,511.22572034498756
4.379999999999995,5.44611502135153,-2.2582460269780915,26.32178440061929,6.020257570911472,6.1139019875063845,0.0,3.555518569859509,-3.2765794623245026,5.711090426580929,-0.10652477589241341,-0.05379188214814136,0.0,451.1812212083247,450.8551519737352,451.63182170698957,449.11850280271807
4.399999999999994,5.517483212853474,-2.3242230383727045,26.435650191358995,6.018048914144057,6.112740370717784,0.0,3.581300580334841,-3.3211216771367993,5.6754886473897335,-0.1143409008490295,-0.06236979671178665,0.0,424.50437094833154,422.2876738319849,423.3208571759055,421.2870894346723
4.419999999999994,5.5894328946944025,-2.3911929358476876,26.54916347038964,6.015887016236157,6.111478849654635,0.0,3.613667603758033,-3.375868070361488,5.6758392556747435,-0.10184888994113613,-0.06378230960317278,0.0,459.40785053361066,459.0689804051088,456.31869440843167,459.2901105599125
4.439999999999993,5.661999982045369,-2.459213663791234,26.66250372531006,6.013819266778366,6.11012610438871,0.0,3.6430411313386064,-3.426204723993133,5.658186236367058,-0.10492605583788323,-0.07149221698927585,0.0,442.90528165369705,440.99536747112325,441.4492141120092,440.67752195330587
4.459999999999993,5.735224119497647,-2.5283481105307626,26.77586162053699,6.011662258998712,6.108703241506655,0.0,3.6793726138891203,-3.4872399499597404,5.677603286325996,-0.11077472212763903,-0.07079407121622962,0.0,477.6829629105396,477.839152701116,477.13910723787546,475.7885605332692
4.479999999999992,5.809033808433549,-2.5984895701334483,26.888819827914546,6.009499336918905,6.10728913542037,0.0,3.701596279701058,-3.526906010308819,5.618217451429601,-0.10551748585292733,-0.07061653741239791,0.0,399.63153294339673,399.67564251587334,397.73874386263554,399.1686517594193
4.499999999999992,5.883341093533217,-2.6695062801480547,27.000868263534016,6.007376940709857,6.105868694667443,0.0,3.7291322302657894,-3.574764991151823,5.586626110517524,-0.10672213505178012,-0.07142753788035495,0.0,428.60211791933153,428.3912135074569,428.0803542676055,427.762425732782
4.519999999999992,5.958224502735923,-2.741519834148154,27.112409076019848,6.005184404397276,6.104585076405332,0.0,3.7592086900047326,-3.6265904088581284,5.567455138065797,-0.11253149620620279,-0.056934288330589805,0.0,439.3047078614076,442.8923529540443,441.33262750823,439.88129491923996
4.539999999999991,6.033686098539329,-2.814536016063039,27.223430396636086,6.00294923130587,6.103566376835801,0.0,3.786950890335886,-3.675027782630345,5.534676923558126,-0.11098581293462928,-0.044935668622664474,0.0,425.86970613349934,428.93607805271444,427.10655373108517,427.49016735311295
4.559999999999991,6.109743444357939,-2.888585711146107,27.33400473728376,6.000841933223317,6.102659653495564,0.0,3.8187836915251374,-3.729941725676477,5.522757141209054,-0.099743995320668,-0.04573666540110456,0.0,448.62597898841403,448.4296312036364,446.86750508547686,449.5982165893005
4.57999999999999,6.186315267942527,-2.963549926129673,27.44368989855726,5.998782537837233,6.101699435075316,0.0,3.838398666933714,-3.766479772680152,5.445758986140878,-0.10619554328783086,-0.05028517662374514,0.0,380.809652671788,379.5000684422009,379.86882051746403,377.99716523836463
4.59999999999999,6.263392064729054,-3.0394193934310625,27.55241995979424,5.996661421793091,6.100718052810999,0.0,3.8692810117189658,-3.8204669574588244,5.427247137556981,-0.10591606112638283,-0.04785304980796063,0.0,440.4141562343388,441.01577399510944,442.66269444577483,442.7217801653122
4.6199999999999894,6.341008411890211,-3.1162515409576987,27.66036558822688,5.994605116379837,6.099864912296713,0.0,3.892353704396798,-3.8627477952047697,5.367315705707178,-0.09971448019896857,-0.037461001620754136,0.0,396.92783629223356,399.7779133392648,397.8519290549004,399.5410543649742
4.639999999999989,6.4192863698989395,-3.1942391672991923,27.768143009672762,5.992550861574191,6.09915693665207,0.0,3.9354420964760624,-3.936014838944581,5.4104264388809495,-0.10571100036569127,-0.03333656284349581,0.0,498.3002325344567,499.2036270439311,500.90469347596746,499.5871093679278
4.659999999999989,6.498393569829968,-3.2736459766652266,27.876607274760868,5.990348814917882,6.0985289641441405,0.0,3.9752778966267934,-4.004666097658808,5.436000069929451,-0.11449366526526746,-0.029460687949614314,0.0,485.0476131661851,485.9199207509886,485.106177542001,483.1144039955493
4.679999999999988,6.578293328436621,-3.35442379802005,27.98555551625284,5.988178011787419,6.0980347956996965,0.0,4.014697964038538,-4.073116037823546,5.458824079267969,-0.10258664778097637,-0.019956156494733146,0.0,482.23711398769086,484.38647450236704,481.6085344907197,484.2928972917121
4.699999999999988,6.658930509186629,-3.4364963512465123,28.09469551319328,5.98611456628759,6.097703062937949,0.0,4.049020110962207,-4.1341392848226555,5.455175614775944,-0.10375790220176728,-0.01321711967992506,0.0,458.1227325651622,459.72790780798056,459.439660304803,459.15215117837005
4.719999999999987,6.740212871127292,-3.5197299298154823,28.203550821851717,5.984093683119223,6.0974051522350585,0.0,4.079216083104104,-4.189218572074373,5.4303552510676365,-0.09833041463496944,-0.016573950609137283,0.0,438.6597904906441,437.82260705371766,438.5264478774757,439.8677742981826
4.739999999999987,6.822188147878826,-3.6042093054900333,28.312361662652886,5.982131830306386,6.0970029128436,0.0,4.118311592049358,-4.258718995380719,5.4507288290494165,-0.09785486664878228,-0.02364998853684809,0.0,484.09560739020856,482.4953398443927,481.3802768756189,481.48076632254447
4.7599999999999865,6.904866434471227,-3.6899593570101064,28.42117707338786,5.980206514220436,6.096601536131791,0.0,4.1495170671908035,-4.316286156626565,5.4308122444478295,-0.09467674194625278,-0.016487682644002966,0.0,443.80801101849454,445.56855070817977,444.2290859006411,445.0022422265823
4.779999999999986,6.988212043757795,-3.776933391100227,28.52981093745453,5.97831894110322,6.096239112276418,0.0,4.185043861465938,-4.381117252385504,5.432574162219269,-0.09408056977531461,-0.01975470289317538,0.0,466.7990636965853,466.03351330865166,465.5820141430919,465.714801865912
4.799999999999986,7.07224089128258,-3.865165449964285,28.638340566798554,5.976500990202954,6.095841035344968,0.0,4.21784089101263,-4.442088634020311,5.420388772182996,-0.08771452025122445,-0.020052990251872578,0.0,452.807051236043,452.73508048975486,452.72944732883286,454.2566169238788
4.819999999999985,7.156913603099587,-3.9546020457367494,28.74656395599338,5.974659919448467,6.095368658053054,0.0,4.249430290687945,-4.501570943226126,5.4019501472998135,-0.09639255519740952,-0.027184738939450795,0.0,447.71475459353877,445.9701480861867,448.9130425787365,446.78860412744467
4.839999999999985,7.2422257192878705,-4.045244550606908,28.854454323957142,5.972818287164904,6.094813912818282,0.0,4.281781328140402,-4.562679543789715,5.387086649076332,-0.08777067315888784,-0.028289784537728433,0.0,451.31652407610045,451.0486377054952,450.161488671979,452.2424967100571
4.859999999999984,7.328335640583547,-4.137354680165657,28.9627971721616,5.9710919533095606,6.094261533855732,0.0,4.329210801427262,-4.64833341208521,5.447198171369298,-0.08486271237554356,-0.026948111717085648,0.0,519.0809260755713,519.3632801731974,520.8517411620832,521.45649406173
4.879999999999984,7.415213740374206,-4.230892473820401,29.07143829098392,5.969432776955019,6.093747993244964,0.0,4.358599177638618,-4.705445953389103,5.416913710862618,-0.08105492307860658,-0.024405949359864676,0.0,436.3666092868129,437.0027977638866,437.98395525964037,438.92727465325913
4.8999999999999835,7.502803556005725,-4.325775718684515,29.18008627019038,5.967823189440576,6.0932405515989,0.0,4.400382385513275,-4.782878533022314,5.447884209783331,-0.07990382836564937,-0.026338215246585816,0.0,495.8181482570857,495.39196935402316,496.54381006161054,496.79259702946206
4.919999999999983,7.591129331785687,-4.422050880735622,29.288856406034363,5.966230245032159,6.0927453262612765,0.0,4.432195192482962,-4.844637672088379,5.429129374614947,-0.07939061247605775,-0.023184318515632702,0.0,450.94838054280126,451.7121205996317,449.2471173094591,449.3669271961559
4.939999999999983,7.680024892607111,-4.519457567688289,29.39692133323065,5.964629699862261,6.09222769473274,0.0,4.457360889659392,-4.896031023178453,5.377363345013816,-0.08066390451376437,-0.02857883433806883,0.0,417.48244262280247,416.06742586123937,416.79681373730165,416.45721253512465
4.959999999999982,7.769476745661939,-4.617981517030869,29.504209585099495,5.963031869677147,6.0916952923033385,0.0,4.4878244158234395,-4.956363911079536,5.351461841870723,-0.07911911399764444,-0.024661408602064696,0.0,442.52448905662214,443.49089114059365,443.53603958807594,443.91134953203783
4.979999999999982,7.859592900241938,-4.717805188257135,29.61124662728455,5.961508069620592,6.0911734026439746,0.0,4.523791042176459,-5.026003211546962,5.352242376634525,-0.07326089165796744,-0.027527557334264808,0.0,470.0963282773585,469.4293474502789,468.9299792050785,470.28894227165875
4.999999999999981,7.950362201097945,-4.81891786364357,29.717972953276327,5.960047110895356,6.090668713951121,0.0,4.553139043424281,-5.085264327096601,5.320390222542954,-0.07283498086565603,-0.022941311950951643,0.0,437.59511835258905,438.739094864292,438.1819536142378,438.28394379826244
5.019999999999981,8.041880289199693,-4.921483051615436,29.824847396692505,5.9586071397648865,6.090285222110953,0.0,4.598669766750363,-5.171254470089994,5.367054119074762,-0.07116213218127514,-0.015407872065910993,0.0,511.0862639590496,512.6949438380617,512.3009332572908,512.6543965125735
